255255255
255255255
255255255
255255255
255255255
255255255
255255255
255255255
255255255
255255255
255255255
255255255
255255255
255255255
255255255
255255255
255255255
255255255
255255255
255255255
255255255
255255255
255255255
255255255
255255255
255255255
255255255
255255255
255255255
255255255
255255255
255255255
255255255
255255255
255255255
255255255
255255255
255255255
255255255
255255255
255255253
255255253
255255253
255255253
255255253
255255253
255255255
254255255
254255255
252255255
252255255
252255255
252255253
252255253
252255253
252255253
252255253
252255253
254255253
254255253
254255253
254255253
255255253
255255253
255254255
255254255
255255253
255255253
255255251
255255251
255255253
255255253
255255255
255255255
255254255
255255253
255255253
255255250
255255250
254255248
252255251
251255251
254255255
254255255
255254255
255254255
255252255
255253255
255253255
255255255
254255255
254255255
255255255
254254254
255254255
255253254
252255255
251255255
254255253
254255253
255254255
255254255
255253255
255253255
255254255
255255253
255255251
255255251
255255253
255255255
255253255
255254255
255254255
255255255
255255255
255255255
255255255
255255255
255255255
255255255
255255255
255255255
255255255
255255255
255255255
255255255
255255255
255255255
255255255
255255255
255255255
255255255
255255255
255255255
255255255
255255255
255255255
255255255
255255255
255255255
255255255
255255255
255255255
255255255
255255255
255255255
255255255
255255255
255255255
255255255
255255255
255255255
255255255
255255255
255255255
255255255
255255255
255255255
255255255
255255255
255255255
255255255
255255255
255255255
255255255
255255255
255255255
255255255
255255253
255255253
255255253
255255253
255255255
255255255
255255255
255255255
254255255
254255255
254255255
254255255
254255253
254255253
254255253
254255253
254255253
254255253
254255253
255255253
255255253
255255253
255255255
255255255
255255255
255255255
255255255
255255255
255255253
255255253
255255253
255255255
255255255
255255255
255254255
255254255
255255253
255255253
255255251
254255251
252255251
251255252
252254251
255255255
255254255
255254255
255253255
255254255
255254255
255255255
254254254
252254253
255255255
255255255
255254255
255254255
254255255
252255255
254255253
255255253
255254255
255254255
255254255
255254255
255254255
255255253
255255251
255255250
255255251
255255255
255254255
255254255
255255255
255255255
255255255
255255255
255255255
255255255
255255255
255255255
255255255
255255255
255255255
255255255
255255255
255255255
255255255
255255255
255255255
255255255
255255255
255255255
255255255
255255255
255255255
255255255
255255255
255255255
255255255
255255255
255255255
255255255
255255255
255255255
255255255
255255255
255255255
255255255
255255255
255255255
255255255
255255255
255255255
255255255
255255255
255255255
255255255
255255255
255255255
255255255
254255255
254255255
254255255
254255255
254255255
254255255
254255255
254255255
255255255
255255255
255255255
255255255
255255255
255255255
255254255
255254255
255254255
255254255
255254255
255254255
255255255
255255255
255255255
255255255
255255255
255255255
255255255
255254255
255254255
255254255
255254255
255254255
254255255
254255255
254255255
254255255
254255255
254255255
255255255
255255255
255254255
255254255
255254255
255254255
255255255
254255255
252255255
251255255
254255255
255255253
255255253
255254252
255253254
255254255
255254255
254252253
255254255
253253251
255255253
253253251
255255255
254254254
255255255
253253255
255255255
255255255
255255253
255255253
255254255
255254255
255254255
255254255
255255255
255255253
255255250
254255248
255255250
255255251
255254255
255254255
255255255
255255255
255255255
255255255
255255255
255255255
255255255
255255255
255255255
255255255
255255255
255255255
255255255
255255255
255255255
255255255
255255255
255255255
255255255
255255255
255255255
255255255
255255255
255255255
255255255
255255255
255255255
255255255
255255255
255255255
255255255
255255255
255255255
255255255
255255255
255255255
255255255
255255255
255255255
255255255
255255255
255255255
255255255
255255255
255255255
255255255
255255255
255255255
255255255
255255255
255255255
255255255
255255255
255255255
255255255
255255255
255255255
255255255
255255255
255255255
255255255
255255255
255254255
255254255
255254255
255254253
255254255
255254255
255254255
255254255
255254255
255254255
255254255
255255255
255255255
255255255
255254255
255254255
255254255
255255255
254255255
252255255
252255255
254255255
254255255
255254255
255255255
255255255
255255255
255255255
255255255
255255255
254255255
254255255
254255255
254255255
255254255
255254252
255254252
255255253
255255251
254255250
255255251
255255253
254254252
251251249
254255253
254255253
255255253
254254254
255255255
255255255
255254255
255254255
255255253
255255253
255254255
255255255
255254255
255254255
255255255
254255253
254255250
254255248
255255248
255255250
255255251
255255253
255255255
255255255
255255255
255255255
255255255
255255255
255255255
255255255
255255255
255255255
255255255
255255255
255255255
255255255
255255255
255255255
255255255
255255255
255255255
255255255
255255255
255255255
255255255
255255255
255255255
255255255
255255255
255255255
255255255
255255255
255255255
255255255
255255255
255255255
255255255
255255255
255255255
255255255
255255255
255255255
255255255
255255255
255255255
255255255
255255255
255255255
255255255
255255255
255253255
255253255
255254255
255254255
255254255
255254255
255255253
255255253
255255253
255255253
255255253
255255253
255255251
255255251
255255251
255255251
255255251
255255251
255255253
255255253
255255253
255255253
255255253
255255253
255255255
254255255
254255255
254255255
254255255
254255255
254255255
254255255
252255255
252255255
254255255
255255255
255255255
255255255
255255255
255255255
254255255
254255255
252255255
252255255
254255255
255255255
255254255
255254255
255252253
255254253
255255253
255255251
255255250
254255250
252255250
250255249
251255253
251255253
252255255
250255251
253255252
253254249
255255251
255255251
255254255
255254255
255255253
255255253
255255253
255255255
255255255
254255255
254255255
254255255
254255251
254255250
255255248
255255248
255255250
255255251
255255253
255255255
255255255
255255255
255255255
255255255
255255255
255255255
255255255
255255255
255255255
255255255
255255255
255255255
255255255
255255255
255255255
255255255
255255255
255255255
255255255
255255255
255255255
255255255
255255255
255255255
255255255
255255255
255255255
255255255
255255255
255255255
255255255
255255255
255255255
255255255
255255255
255255255
255255255
255255255
255255255
255255255
255255255
255255255
255255255
255255255
255255255
255254255
255254255
255254255
255254255
255254255
255254255
255254255
255254255
255255253
255255253
255255253
255255253
255255253
255255253
254255251
255255253
255255253
255255253
255255253
255255253
255255253
255255255
255255255
255255253
255255253
255255255
255255255
254255255
254255255
254255255
254255255
254255255
254255255
254255253
254255253
255255253
255255255
255254255
255254255
255255255
255255255
254255255
252255255
252255255
254255255
255255255
255254255
255254255
255254255
255253255
255254255
254252253
253253251
253255250
254255250
252255250
252255251
251255250
252255253
250255251
252255255
254255253
254255253
254254252
253252250
255253254
255253254
255255253
255255253
255255253
254255253
254255255
254255255
252255255
252255255
254255253
255255251
255255250
255255250
255254251
255255251
255255253
255255255
255255255
255255255
255255255
255255255
255255255
255255255
255255255
255255255
255255255
255255255
255255255
255255255
255255255
255255255
255255255
255255255
255255255
255255255
255255255
255255255
255255255
255255255
255255255
255255255
255255255
255255255
255255255
255255255
255255255
255255255
255255255
255255255
255255255
255255255
255255255
255255255
255255255
255255255
255255255
255255255
255255255
255255255
255255255
255255255
255255255
255255255
255254255
255254255
255254255
255254255
255254255
255255255
255255255
255255255
255255255
254255255
254255255
254255255
254255255
252255255
254255255
254255255
254255255
254255255
254255255
254255255
254255255
255255255
255255255
255254255
255255253
255255253
255254253
255254253
255254253
255254253
255254253
255254251
255255251
255255251
255255253
255255255
255255255
255255255
255255255
255255255
255255255
255255253
254255250
254255250
254253249
255252249
255253250
255253252
254252255
252251255
250249254
235236238
202204203
177179176
185186181
208209204
241240236
254253249
248247245
254254254
253254255
250251255
249252255
252255255
253253255
255253254
255254252
255255251
254255251
252255253
252255253
252255255
254255255
254255255
255255255
255255255
255255253
255255253
255255253
255255253
255255255
255255255
255255255
255255255
255255255
255255255
255255255
255255255
255255255
255255255
255255255
255255255
255255255
255255255
255255255
255255255
255255255
255255255
255255255
255255255
255255255
255255255
255255255
255255255
255255255
255255255
255255255
255255255
255255255
255255255
255255255
255255255
255255255
255255255
255255255
255255255
255255255
255255255
255255255
255255255
255255255
255255255
255255255
255255255
255255255
255255255
255255255
255255255
255255253
254255253
255255255
255255255
255255255
255255255
254255255
254255255
254255255
255254255
255254255
255254255
254255255
254255255
254255255
254255255
254255255
252255255
252255255
252255255
254255255
254255255
255255255
255254255
255255253
255255253
255254251
255254251
255254251
255254251
255254251
255254251
255255251
255255251
255255253
255255255
255255255
255255255
255255255
255255255
255255253
255255251
255253250
255253248
255252247
255252247
255251248
254253251
246244245
201199200
127123122
534845
1561
1110
2070
2290
614839
11510697
162155149
220216213
248246247
252253255
250251255
250251255
253253255
253253253
254254252
253255250
252255253
252255253
252255253
254255253
254255255
255255255
255255255
255255255
255254255
255254255
255254255
255255255
255255255
255255255
255255255
255255255
255255255
255255255
255255255
255255255
255255255
255255255
255255255
255255255
255255255
255255255
255255255
255255255
255255255
255255255
255255255
255255255
255255255
255255255
255255255
255255255
255255255
255255255
255255255
255255255
255255255
255255255
255255255
255255255
255255255
255255255
255255255
255255255
255255255
255255255
255255255
255255255
255255255
254254254
254254254
255255255
255255255
255255255
255255255
254254254
253255254
252255255
254255255
253255254
254255255
253255254
255255255
254254254
255255255
253251254
255254255
255254255
255254255
254252255
255252253
255254255
254254254
253255254
254255255
254255255
254255255
253255254
253255252
253253251
254254252
255255253
252254251
254255253
253255252
251253250
254255253
254254252
255254253
255253254
254252255
255254255
252253255
251252255
254255255
254254255
255254255
255253250
255249247
250245241
237232229
216215211
169171168
126128125
666762
292516
1100
43225
896139
1178358
1168255
966439
47200
30110
1310
362921
908581
158154153
223219220
248246247
253253253
251253252
251253252
252255253
249253252
252255253
254255253
254255253
254254252
255254255
255254255
255254255
255254255
254253255
254253255
255254255
255255255
255255255
255255255
255255255
255255255
255255255
255255255
255255255
255255255
255255255
255255255
255255255
255255255
255255255
255255255
255255255
255255255
255255255
255255255
255255255
255255255
255255255
255255255
255255255
255255255
255255255
255255255
255255255
255255255
255255255
255255255
255255255
255255255
255255255
255255255
255255255
255255255
255255255
255255255
255255255
253253253
255255255
255255255
255255255
253253253
253253253
255255255
255255255
253255254
253255254
254255255
254255255
254255255
254254254
255255255
255255255
254252253
255254255
255254255
251249250
255254255
255254253
255254253
255255253
255255253
254255253
252254253
250252249
252252252
254255253
255255255
253255252
254255255
254255255
248250249
249253252
250254253
248252251
252255255
253255254
255254255
255252253
254252255
253253255
252253255
252255255
251252254
255255255
244240237
197192188
125116109
786859
413121
342613
17110
18110
34231
755832
12910474
176141109
199156121
207159121
209161121
202157118
190152116
16012998
1118761
543815
23100
1420
372718
978881
181177174
237237235
252254253
250252251
254255255
250252251
251253252
253253251
255254252
255255253
255253254
254252255
255254255
255254255
254255255
254255255
255255255
255255255
255255255
255255255
255255255
255255255
255255255
255255255
255255255
255255255
255255255
255255255
255255255
255255255
255255255
255255255
255255255
255255255
255255255
255255255
255255255
255255255
255255255
255255255
255255255
255255255
255255255
255255255
255255255
255255255
255255255
255255255
255255255
255255255
255255255
255255255
255255255
255255255
255255255
255255255
255255255
254254254
253253253
255255255
255255255
255255255
254254254
255255255
255255253
255255253
255255253
251251249
253253253
255254255
255254255
255254255
253253253
255255255
255255253
255255253
255255253
253252248
255254250
255255253
253253253
255255255
255255255
254254254
253251254
248248248
240238241
235235235
233233235
231231233
241241243
242243245
244245247
245246248
234238239
238239241
240240240
245245245
247247245
250252247
253255250
251254247
252255248
228229221
979789
23198
20110
543918
927549
1169663
13811476
15812987
18314797
199159107
200159107
202156106
205155106
201149101
20214999
208155103
208158105
201155103
202162113
188153111
15813093
1058251
45251
2260
1670
666358
166165163
244242243
252252254
255255255
252252252
253253251
255254252
255255253
255254253
254252253
255255255
255255255
254255255
253254255
255255255
255255255
255255255
255255255
255255255
255255255
255255255
255255255
255255255
255255255
255255255
255255255
255255255
255255255
255255255
255255255
255255255
255255255
255255255
255255255
255255255
255255255
255255255
255255255
255255255
255255255
255255255
255255255
255255255
255255255
255255255
255255255
255255255
255255255
255255255
255255255
255255255
255255255
255255255
255255255
255255255
255255255
254254254
254254254
255255255
253253253
252252252
255255255
252252250
255255253
255255253
255255253
255254255
255254255
252250251
255253254
255255255
250250250
255255253
250250248
252253248
251252247
234235230
209208204
197194189
178173169
152147143
135127124
11010397
736660
524338
544538
554639
423326
382922
524336
584940
473829
413223
413424
473829
423324
756754
1009377
11010387
11510993
128125110
787560
1590
30229
12411395
192176151
195172140
190161121
197163118
203162110
20515795
21015994
20615494
20715597
211159102
209157100
21015599
21115596
21115594
217163101
20515594
205160103
200160111
198163121
193163127
13911587
473213
1220
25169
134129126
245241242
250250252
249249249
255255253
253252250
255255251
255254253
255255253
255255255
254254254
253255254
254255255
255255255
255255255
255255255
255255255
255255255
255255255
255255255
255255255
255255255
255255255
255255255
255255255
255255255
255255255
255255255
255255255
255255255
255255255
255255255
255255255
255255255
255255255
255255255
255255255
255255255
255255255
255255255
255255255
255255255
255255255
255255255
255255255
255255255
255255255
255255255
255255255
255255255
255255255
255255255
255255255
252252252
255255255
255255255
254254254
255255255
255255255
255255255
254254254
255255253
254255251
251251249
255255253
255255253
254254252
255255255
255255255
246245243
212211209
177176174
119118116
919086
595854
313025
20167
1450
23100
24110
26110
33160
42242
583814
765430
775126
835730
997243
966737
1017240
1208958
1249460
13210371
12910275
1047652
987144
795223
785124
654115
45243
32150
23100
2070
37247
1008260
14712397
181151117
196161123
200158110
210158101
21215695
212157100
210158101
20315096
20415295
213158102
20915394
21015493
20414985
21315995
21015898
20415599
203157107
198155110
198163123
170144111
604016
1400
321911
150142140
241239240
255255255
250252249
253253251
253254249
255254252
255255253
255255253
254254252
253255252
254255253
255255255
255255255
255255255
255255255
255255255
255255255
255255255
255255255
255255255
255255255
255255255
255255255
255255255
255255255
255255255
255255255
255255255
255255255
255255255
255255255
255255255
255255255
255255255
255255255
255255255
255255255
255255255
255255255
255255255
255255255
255255255
255255255
255255255
255255255
255255255
255255255
255255255
255255255
255255255
255255255
255255255
254254254
254254254
255255255
253253253
253253253
255255255
254254254
253255252
252254251
255255253
252252250
246245243
240236233
199195192
119114110
564943
22136
1340
800
1550
1860
25130
41265
735223
13210874
178152119
182156121
178148112
183151113
191157119
196161121
198161119
197159114
196155109
201159111
201159111
200156107
203159110
202160112
205164120
197155115
202160118
204162122
203161123
200160124
180144110
177146115
160133104
13711184
926639
52260
3120
56250
1047035
16913091
203156110
208158109
204154105
208158107
213162107
20815699
20715295
21215695
21415995
21516096
21315894
20815492
20715597
20715598
206155100
204161110
196162117
15512790
53317
1910
1320
119113113
234234234
248250249
254255253
255255253
253253251
254254252
255255253
255255253
254254252
255255253
255255255
255255255
255255255
255255255
255255255
255255255
255255255
255255255
255255255
255255255
255255255
255255255
255255255
255255255
255255255
255255255
255255255
255255255
255255255
255255255
255255255
255255255
255255255
255255255
255255255
255255255
255255255
255255255
255255255
255255255
255255255
255255255
255255255
255255255
255255255
255255255
255255255
255255255
255255255
255255255
255255255
252252252
255255255
255255255
255255255
255255255
255255255
252252252
245245247
207207209
153151152
979392
696159
352621
25124
2280
33140
36150
654115
916435
1108147
13710769
16813697
179146103
193155106
199159108
202160110
201158107
200157106
201155103
201154102
20015399
20415599
20315498
20415597
20215395
20215395
20515698
20615799
208159100
20615697
211160103
20515499
204154101
205155104
208158109
207157108
206158109
209161112
201155105
203159110
203162116
15211573
1127841
55250
40110
734315
14010776
187152114
200159115
206159107
209159100
21115795
21115691
21115691
20915591
21015996
21015898
20615494
20715595
21015696
20615798
201161102
200167116
170142105
583613
1400
1796
10110098
246248247
249251250
253255254
254255255
254254254
255255255
255254255
255253254
254254254
255255255
255255255
255255255
255255255
255255255
255255255
255255255
255255255
255255255
255255255
255255255
255255255
255255255
255255255
255255255
255255255
255255253
255255253
255255253
255255255
255254255
255255255
255255255
255255255
255255255
255255255
255254255
255254255
255255255
255255255
254255255
254255255
254255255
254255255
255255255
255255255
255255255
255255255
255255255
254255255
254255255
253255254
254255255
252254253
252252252
249249249
216215213
167163160
777268
21148
20114
342112
402411
482912
977552
13310679
172141110
187153116
194157115
206168123
201161112
198157105
201158105
199156101
201156101
200155100
198155104
197155105
196156107
199159110
200158110
199155106
198152102
202156104
19915298
20215599
20515697
20315593
20815895
20715389
21315893
21015289
21415897
20915394
212157100
21015598
21315798
21115594
21215491
21315894
21115795
20315496
204161110
198160115
188153113
1198955
40130
2930
744720
16012794
201163118
203158103
20815794
21315893
21115892
21015791
20615693
20815895
21115795
21015694
21315796
20715693
20215490
200158100
193156111
168138104
614019
1220
14114
113115110
234236233
247249246
254255255
254254254
253253255
255254255
255254255
255254255
255255255
255255255
255255255
255255255
255255255
255255255
255255255
255255255
255255255
255255255
255255255
255255255
255255255
255255255
255255255
255255255
254255251
254255251
255254250
255255253
255254255
255254255
254254255
255255255
254254254
255254255
255252253
255254255
254252255
255255255
252255255
251255255
252255253
252255253
253255254
254255255
253252255
255254255
254255255
252255255
249255253
251255255
242248248
215219220
138138138
595856
221711
800
1970
40230
644515
977442
14111278
180148109
198161117
200160111
203160109
207162107
209162106
210163107
208162103
205159100
205159100
19915499
201157108
194155112
193163127
226203171
238221193
238222196
244224199
241217191
233203177
224193162
201169130
197163117
197160105
19515492
20615894
20915591
21215290
21515394
218157100
21415597
21015495
21315796
21315894
21115691
21215792
21215792
21115692
21015694
20915799
20515499
207157106
211167120
178140103
764517
2920
37120
1158654
192155110
209160104
21516096
21215792
21015791
20715891
20615589
21315689
21515793
21315798
20815494
21215896
20415292
208159103
205162117
179149113
685125
720
8100
909386
229231226
255255255
252252254
251250255
255255255
253253253
255255253
255255255
255255255
255255255
255255255
255255255
255255255
255255255
255255255
255255255
255255255
255255255
255255255
255255255
255255255
255255255
255255255
252255251
253255250
255255253
255254253
254250251
255254255
254255255
251253252
254255255
255255253
255252253
255254255
254252255
251251253
252255255
248254252
252255253
250255251
253253253
252252252
252252254
254254255
254255255
250254253
250254253
231233230
118117115
201511
1340
30184
41267
887143
13310973
16213494
189158114
199165119
200162113
201158107
204157101
210160101
21115999
21215896
21315997
21116097
20915797
20515596
20615697
205159107
200161122
240209180
255238214
255249231
255252237
255255243
255250241
255247238
255249236
255243228
255243219
251228197
231203163
206172124
19315095
20715798
21515696
21515593
21215393
21215695
21315796
21115795
21315995
21215894
21115892
21316094
21115692
21015591
21315796
21415899
212157100
210159106
202158111
188153115
1128460
2640
40160
14311379
204157111
209157100
21115795
20915690
21116094
21115892
21515688
21615791
21315798
20915497
20915392
21616099
214159102
205155102
198160115
169141104
624620
810
1190
114113109
243241242
253251255
255254255
249249251
249249247
255255253
255255255
255255255
255255255
255255255
255255255
255255255
255255255
255255255
255255255
255255255
255255255
255255255
255255255
255255255
255255255
255255255
252255255
254255255
255254255
255253254
255254255
255253254
254255253
251255251
247254247
250255249
255255253
247247247
226224225
214214214
206207202
216218213
238238238
245245245
255251250
247243240
239238234
231231229
232234233
230232231
176172171
564644
2450
46237
1128258
14611682
185156112
197165118
200164116
202162113
201159109
202156106
206156103
20715699
21115699
21415899
21415595
21215491
21115594
21015493
20815696
20615697
208157100
215171126
254222199
255246232
255251239
253249238
253252247
254253249
251247244
255251249
255249246
255249244
255252245
255244232
255241223
245219192
208172136
199155108
20615697
21115892
20815490
20915893
21015996
20715794
21016099
20815897
20715595
21115999
21416098
21315798
212157100
211156100
207154100
207156103
207160104
200160108
193162115
1148853
3690
43120
15411479
206158112
208155101
20715393
21115793
21115691
21415790
21215490
21115598
20915498
21015696
20915595
209157100
205154101
210162113
199156113
183150117
714723
1530
1273
120118121
238237243
250248251
251251251
252253248
254255251
254254252
254254254
255255255
255255255
255255255
255255255
255255255
255255255
255255255
255255255
255255255
255255255
255255255
255255255
255255255
255255255
254255255
254255255
255253255
255254255
255254255
255255255
253255252
249255249
251255251
247252246
210211206
10410097
272219
282319
231910
252014
342926
625451
675851
403021
25167
21144
21176
23166
2080
33110
1067453
189150119
203160118
208164115
198157101
208166108
205160105
210160107
210161105
211160103
214159102
21215697
21015493
21315494
21215393
21015191
21315494
20915394
20815698
209158101
210159104
219176134
255231212
255247240
255252244
254254246
251251249
252252252
253251252
255254255
255254253
252250251
254252255
255253252
255246242
255243232
245217195
201166128
19715297
20615693
21015994
21015994
21115793
20915893
21015898
20815897
211161102
20815698
20815494
20915595
21115797
20815698
208157100
210159102
20615896
20015997
202166108
183152106
785028
2900
945834
197154119
208157110
20915498
21015493
21015591
21315893
21115793
213158101
213158102
20815494
21115999
209157100
209157100
208155101
210160109
200157114
16513299
43255
1010
171314
135134139
246246248
252252252
254255250
249250245
253253251
253253253
254254254
254254254
255255255
255255255
255255255
255255255
255255255
255255255
255255255
255255255
255255255
255255255
255255255
255255255
254253255
255254255
255255255
255255255
255254255
254254254
254255255
245246248
194195197
919088
211310
1000
1950
382413
34209
1730
1400
2250
34151
624124
654425
36160
2580
594010
1229766
170136101
207164122
211161112
207154100
212160102
20615798
209160101
208157100
209157100
20815698
20915497
21115797
21215695
21015493
21015493
21015493
20915595
212157100
20515396
207156101
208158105
205155102
209167125
249224202
255250239
255251241
255253244
255254250
255255253
255255253
254253251
252251249
255255255
252253255
254253255
255249252
255244239
255235221
237207179
200162117
200155100
211159101
21415995
21615590
21915893
21415693
21315796
21115999
20915797
21015996
21216196
21015994
20915893
20916094
21116296
21016195
20115593
20016099
201168117
15312494
44170
44130
1369875
203155115
216163111
21315496
20915490
20915895
20515594
20615496
20915595
21315997
21215896
21115797
21115797
21315997
20715595
20115699
193159113
14412392
26170
300
303231
181182184
253253253
250250248
255255253
253253253
253253253
253253253
254254254
254254254
255255255
255255255
255255255
255255255
255255255
255255255
255255255
255255255
255255255
255255255
255255255
255254255
255255255
252252254
253253253
252252252
236236236
161159160
676364
18108
1430
2570
47265
714723
916540
1058157
13010884
150126102
169143116
189159131
210179150
202169138
169136101
15812687
190157114
198161116
203159110
209158103
213158101
21315796
21015493
20915799
212160102
20915797
214160100
21315997
21015694
20815492
20715391
20915392
21015694
21015694
21115797
210158100
20615496
20715699
208157102
20315498
199158112
225198168
255244223
255252237
255254243
255255250
251253248
253254249
255255251
255255253
254254254
254255255
255254255
255251255
255251250
255245235
254232209
221189150
198158107
20415599
21315796
21715691
22115793
21315391
21515998
21015598
20915799
21115999
20915895
20715794
20816098
207161101
200158100
203162110
202164115
191157111
189160120
171147119
755435
2520
43153
16111788
210159114
20915396
20915392
20815897
208159100
20915797
21416098
21215793
21115692
21015694
21015694
21015791
20915893
20816098
203164109
187159119
846741
1130
651
878787
241241243
251249250
252250251
254254254
254254254
254254254
254254254
254254254
254254254
255255255
255255255
255255255
255255255
255255255
255255255
255255255
255255255
255255255
255255255
255253255
250248251
254255255
250252251
215215215
767571
1140
1300
32150
896541
16313399
198163121
195157110
199161114
196162117
198166119
201168117
212176124
213175126
208165120
205161116
205159110
203157107
207160106
206159105
210161103
213161103
21115999
21115797
213158101
215160106
209157100
20715693
20815792
20715691
20615590
20815792
20815792
20915591
20815792
20815792
20815794
21015694
21015694
20815794
20915797
20815696
201156101
215184138
255235202
255252230
255251239
252255248
251255253
252255253
252255253
253253253
255255255
255255255
252250253
255253254
255255250
255248238
255248226
242218180
203171122
19615599
20715997
21215793
21515793
21115594
212157100
214161107
210157103
210155101
209156102
209159108
204160113
190151108
170137102
14211691
987758
613925
38206
24130
20100
900
1400
1067356
201157122
212159105
21315796
20915797
20915797
20915392
21215491
20915489
21015590
21416096
21416096
21115793
20515491
211161100
205158102
203162116
14811580
37160
1220
383435
200199205
255253255
255253255
255253254
254254252
254254252
254254252
254254254
254254254
254254254
255255255
255255255
255255255
255255255
255255255
255255255
255255255
255255255
255255255
255252249
253252250
248249251
215217216
737268
600
1960
51316
14711886
194159119
199157109
20015399
208159101
209160102
206163108
208168109
213174109
210169105
217172115
219169116
214163110
208155101
210158101
20915799
212160102
21015898
21216198
21015996
21015996
21115999
212157101
212157101
20915895
20815791
20715690
20715690
20815792
20715691
20615590
20915893
20815794
20815792
20815490
21015692
21015692
20915591
21115795
20415596
194157104
227202161
255239214
255254241
251253248
251255255
250255254
251255254
254255255
253251252
255254255
255254255
251250248
250249244
255255247
255251235
252235205
210183140
195159109
206161106
20615697
20815698
210160107
203157107
202158113
202159116
205162120
192150110
15511780
1077443
613510
2780
1610
1000
241212
817169
143136126
130127120
211924
903
502614
178141112
203156104
20815794
20515594
20915797
21315494
21415494
21115692
21015994
20615695
20615798
205158102
206159103
203156100
207160108
202158111
200162125
866037
1300
1044
118116121
244239243
255252253
255254252
254254252
254254252
254254252
254254254
255255255
255255255
255255255
255255255
255255255
255255255
255255255
255255255
255255255
255255255
255255255
255255246
254254246
218218218
686868
1030
23100
926935
17114094
195158106
202157102
206155100
21015599
213157100
214158101
212161104
210164105
211165105
218169110
221170117
219168115
214161107
210158101
20915799
20915799
211159102
20715798
21116097
20815792
20915990
20615589
20915593
20815492
20715691
20415388
20815993
20615791
20915996
20715794
20715794
20615693
20515594
20515592
20715693
20615592
20815492
21115795
21315894
20715796
200157102
200167124
240218194
255249237
253252250
249254255
250255255
251255255
255255255
255253254
255253255
255253253
253249246
253252248
251252247
253250241
255246229
235211183
198164127
199158114
202156107
207160114
202163120
185153115
15212595
1068558
725228
43253
1830
1000
920
830
600
900
19119
153145143
251246242
242238235
103103103
952
28143
14912396
203163111
20516095
20916195
20615592
21415597
21215397
209159100
20315899
201160106
202164115
192158112
191157112
201162119
203164121
206167126
203169134
155131107
31174
500
262425
166162161
251247244
254253251
251251249
255255253
252252250
255255255
255255255
255255255
255255255
255255255
255255255
255255255
255255255
255255255
255255255
255255255
255255255
254254244
249248243
130130132
732
1960
1078561
190159113
199160103
20416099
20715997
212157100
215155101
217156101
216157101
212160100
211161100
217167108
220169112
222169115
219166112
214162105
210158100
20815899
20815899
206155100
209157100
21015696
21115793
20815791
20415491
207158102
205155102
209159100
20215291
20415596
211162103
20315495
206160101
20315798
205158102
206159103
203156100
205156100
20515698
20415398
20415396
20615598
207158102
203159110
203168128
224198175
254240229
255251250
254255255
249254255
252255255
255255255
254253251
255253253
255249249
255254253
252251249
250250248
255255250
255251244
248232217
180154131
15112091
1178250
915825
714518
33150
1870
1240
800
810
1160
14139
457
224
734
933
646057
212208205
251247246
247245246
118120119
561
1450
705327
192160113
20216199
19715287
20915895
21215699
210154103
204158109
190153109
13910971
957137
684718
634215
684114
805024
875731
957147
1129680
736554
191813
331
413734
204200197
252251249
254254252
253253251
252252250
253253253
254254254
250250250
255255255
255255255
255255255
255255255
255255255
255255255
255255255
255255255
255255255
254254252
209209209
454449
800
472716
171140112
208168119
207161102
20716199
20916199
211160103
214159105
215158103
215159100
21116097
21016097
217167108
219168111
219167110
218163106
21116097
20715794
20615896
20615798
208157102
211156102
20815295
20715192
20615497
205157108
15411176
1389561
18613993
207160108
203157107
204158108
198155104
202158109
199157109
198156108
198155110
198155110
200157112
203160115
203160117
206163118
211168123
215172130
208168132
198163133
202177155
239223210
255250247
250248249
251252255
252253255
255255253
255255251
255254251
255254251
255254255
255254255
247246244
214213211
167163162
928481
322213
1730
1100
1420
1030
410
230
010
410
940
400
100
004
327
403
272322
163163155
250251243
255254252
246246246
117118120
775
400
24120
14812081
200163111
207161102
20815696
21115598
209157109
180141110
805332
2570
24112
706156
968581
927772
846964
756158
443432
875
121413
232524
465
201
838280
224224222
252252250
248248246
254254252
253253251
255255253
254254254
254254254
255255255
255255255
255255255
255255255
255255255
255255255
255255255
255255255
245247246
124126125
647
1672
1098366
206170136
212164115
213163104
20916199
209160101
210161105
212161106
215160103
214160100
21116095
20916094
213163102
214162104
215160103
21215898
21015694
20615590
20515594
20515497
205152100
20715097
215156100
213157100
208157104
198153111
723612
3000
1289361
209174136
197161125
187153116
185151116
15812590
13110167
1269765
997038
916232
896030
1007042
1239365
14211284
14011082
1269670
1208968
845738
674831
796554
928481
939192
868688
115116118
174176173
246248243
253254249
253252248
253251252
239237240
122122122
292929
446
224
875
15118
100
000
010
033
044
012
222
210
300
300
8611
131116
716972
166165163
238239233
253255249
253253251
246246246
122123127
666
410
24120
13611286
201167130
203160115
202154105
202154106
17913799
744625
1810
433533
172167171
243241246
254249255
255248253
250240248
251246253
231230238
137140145
152023
6109
463
000
1097
118118116
240240238
255255253
248248246
254254252
255255253
254254254
254254254
255255255
255255255
255255255
255255255
255255255
255255255
255255255
255255255
229232225
565952
110
20110
159133106
210173131
220170117
210158100
209160102
207160104
206161106
208161105
212160100
21315997
21015996
20915893
20815993
20915895
21115797
21015495
20915394
20915394
20815396
20815397
212154104
20914997
21315393
20815293
20215599
197158115
895837
2400
462712
1048769
776044
483216
26130
1970
1530
800
900
1000
900
700
700
1120
1010
800
1000
1000
1240
920
510
131313
126
269
172321
98104100
192198194
243248244
252253255
231232236
121122124
489
81215
115119120
188190189
183183181
717169
202221
61011
182225
343942
454952
545557
484848
514950
625857
121115115
185181182
243238244
255254255
250250250
247247245
249251248
251251251
113111116
1059
700
1960
1048473
160133114
175141116
189154124
175141113
704419
2260
645749
187186184
248248250
255254255
255251255
255247253
255250255
255251255
254253255
246250253
131137135
303529
293225
171812
120
343530
190191186
255255253
254254252
255255253
253253251
252252252
255255255
255255255
255255255
255255255
255255255
255255255
255255255
255255255
255255255
205206200
252620
010
31246
173148117
209170127
215164109
216161104
210159102
206159103
205160103
206160101
21215896
21215793
21015694
20715693
20715691
20815792
21015696
21015495
21215395
21015495
21015495
20915396
21015096
216157101
21215491
20715389
20215798
194156111
13610682
2100
1000
1030
1130
610
740
400
210
210
110
000
132
235
002
002
015
446
756
430
100
650
474642
175175175
197198202
158159163
929697
142018
182420
9510096
217221220
250251253
195196200
192326
273132
198202203
252254253
251253252
233235234
216218217
201202204
215216218
234235237
242243245
245245247
239239239
247246244
246245243
254250249
255252251
254252253
252250253
253251252
253252250
248247242
195192187
736361
1520
1400
2120
2000
2920
41100
3790
37120
1920
605142
213212207
253253251
253255254
254255255
253251254
255252255
255252255
255253255
252252252
250255251
246251245
224229222
182185178
10010196
515046
252621
717267
159159157
229229227
250250248
254254252
255255255
255255255
255255255
255255255
255255255
255255255
255255255
255255255
255255255
255255255
221219220
575757
664
21123
156134110
214176137
216166113
215161101
210160101
208159100
207158100
20715798
21315494
21415492
21215393
21015493
20715693
20815794
21015598
21015598
21115594
21115692
21115691
21215491
20915090
21515998
21115691
20615790
20416097
197157105
176137104
572810
1300
510
242017
15118
100
100
100
542
555
000
000
555
444
222
224
124
023
010
574
331
575654
231229230
253251254
250248253
244243248
182182184
454641
11126
707165
220221216
225225227
565759
354
828481
169171170
180182181
193194196
217219218
232230231
247246244
253249248
254250247
253249246
251250246
242242240
234236233
224229225
212214211
208207203
186183178
161153150
128121115
676052
28186
36180
805427
1107950
1218855
1279459
1259257
1148148
1077749
613916
1410
282113
174173169
240241236
249251246
250255251
247251250
251253252
252252250
251252246
255255248
252255248
249254247
252255253
251252254
254252255
249244248
203202200
111112107
282826
474745
155155153
239239237
253253253
253253253
255255255
255255255
255255255
255255255
255255255
255255255
255255255
255255255
252248249
114112113
444
1471
13211192
212178143
216169117
214160100
21116097
20915797
20715798
20715597
21015493
21315592
21315494
21015495
20915593
21015696
21015598
21015598
21015694
21215793
21115691
21315591
21415693
20915490
20815490
20916094
20415994
203161103
202159116
14010678
2060
841
908987
140139137
282725
100
320
000
100
100
423
555
333
222
111
010
012
021
354
262626
165163164
251249250
254252255
255254255
253251255
252250253
160159155
14138
660
134133128
247247247
206206208
777775
161614
141615
687
111214
171719
272526
534948
777269
979288
928783
797671
504945
333530
182319
171810
26185
27140
34150
45245
624120
1068254
16413496
194159117
204163119
209167119
202160110
203161113
200158116
200165127
188159129
967652
1880
14114
858480
201202197
196199192
150155148
139141136
153154148
215216208
247248240
251254243
252255250
249253252
254255255
255253255
254249255
255253254
247247245
176176174
606058
151513
122122120
239239239
255255255
255255255
255255255
255255255
255255255
255255255
255255255
255255255
255255255
255251248
200196193
232321
830
765943
196165136
215169120
21315999
21315995
21115793
20715597
20515596
20615590
20915690
20915593
20915593
21015493
20815492
20915595
21115797
21015694
21015694
21015692
21115692
21115594
21015493
21115795
21015996
20615896
208162103
205160105
184151108
554021
630
303028
180180180
206202201
736966
120
340
210
300
401
867
333
110
010
130
333
000
383838
176176176
245245245
252252254
255255255
253252255
243242247
207205208
106105103
1174
873
121120118
251251251
249251250
244244244
209209209
207207207
198198198
190190192
159159161
138138138
10210199
626159
666561
727167
969388
112109104
122119114
136136128
157149136
158136112
175142109
177139100
196154112
202161115
202160112
200159107
203162108
203158101
208159101
212160102
21015599
214158107
207157108
201157110
189155117
967854
1460
841
201915
19175
21175
20135
1471
908685
238238236
252255246
254255248
254254252
255254255
255253255
255250254
255254255
254254254
251251251
200200200
424242
191919
164164164
250250250
254254254
254254254
255255255
255255255
255255255
255255255
255255255
255255255
255254251
236232229
808176
520
443017
180152128
218175132
215164107
21115793
21115793
20815696
20615695
20615791
20615790
20715691
20915593
21015493
21015493
21115795
21115795
20615592
20615592
21015694
21015694
21315796
21115594
21315999
21115999
209159100
209163103
209163103
192156108
654723
920
000
646464
222218217
206202199
666761
010
100
956
314
427
425
666
132
685
575755
143143141
213213211
246246244
252252250
252254253
216217219
131132136
505153
121214
764
272322
10210199
200199197
249249247
254255255
253253253
255255255
253253253
254254254
254254255
254254255
252252252
254254254
250250248
248248246
252251247
248247243
253250245
255250244
248243237
253241227
229205177
203169131
196154106
209160104
20515395
21015696
20815899
208159100
208159100
20915797
21015495
219158101
216155100
21215699
20715598
205165116
171148117
402814
700
830
605440
176167150
12211098
21106
181415
163163165
248253247
250255248
254254252
255254255
255253254
255254255
255254255
253253253
255255255
230230230
717171
121212
145145145
247247247
255255255
255255255
255255255
255255255
255255255
255255255
255255255
255255255
255252251
249248246
142144141
983
22122
148126103
214177135
206159105
20815696
21015692
20815696
20715796
20615892
20715892
20815794
21015694
21015493
21115594
21115795
21015694
20815794
21015996
21315997
21115795
21415897
21215695
21315999
212160100
209159100
208162102
209163103
197159110
916741
1420
300
151515
129128124
250249245
222222220
129131128
121123120
129131130
737278
605967
898693
131130135
138139141
181185184
237242238
247249244
255255250
244244236
199199191
118119114
283029
71112
495356
129130132
185185183
220219215
253249246
255255251
252252250
251251249
253251252
255254255
255255255
255255255
252252252
253253253
254254254
251251251
254254252
252252250
253252248
252251247
255255250
255254247
254249243
253247235
254243223
229210178
198165120
203158103
21215695
21115188
21515698
21015497
209157100
209158101
211156100
214158101
21015497
21215697
21115795
206163112
181154125
37218
1210
700
898063
198187167
137123110
1540
1059
141142147
249255255
248254252
252255255
254255255
253253253
255254255
253253253
255255255
251251251
222222222
545454
444
154154154
246246246
255255255
255255255
255255255
255255255
255255255
255255255
255255255
255255255
255254255
252252250
215217214
404136
700
755639
197164129
209167117
20615799
20815794
20815696
20715796
20615894
20615892
20715794
20815794
21015694
20915593
20915593
21015694
21216198
218167104
220166104
21416098
21415897
21115795
21315999
212160100
209159100
208159100
207161101
200160108
169136101
644221
1330
300
444339
212212210
251251251
250252251
247251250
248252251
248248255
249246255
253246253
248242244
231230225
214215207
176176168
141141131
10410089
514736
1390
1181
555553
148152153
228232235
249250252
250250250
255254252
255254251
253252250
255255255
255255255
255254255
252250251
252252252
253253253
254254254
254254254
255255255
255255255
254254252
253253251
255255253
255255251
253249246
255252247
255253248
255251242
253249238
253242220
218193153
197157105
20915797
21315390
21515595
21515698
212157100
20815699
211159102
210158101
212160103
20815699
207158102
197156110
13611087
2470
1000
302116
132123106
11710688
443220
1430
746975
218218226
249255255
251255255
252255255
252255255
252253255
253255254
253253253
255255255
254254254
223223223
525252
131313
155155155
253253253
254254254
255255255
255255255
255255255
255255255
255255255
255255255
255255255
255255255
254255255
248250249
126126124
1384
31174
14512090
204167123
205158104
20815696
20715595
20715796
20615894
20715995
20715794
20715693
21015696
21015696
21015696
20915797
21316299
220169106
219168105
21316299
21215898
21215898
21315999
21115999
20915998
20715997
206160100
205160103
202160112
187153116
1189780
1340
952
323232
115113116
196196198
189193194
153157158
115112119
837479
695555
473225
32236
1460
1320
2190
33217
736351
163154145
211206200
247246244
254254255
255254255
253252255
255253255
252250253
252250253
255254255
253252255
255255255
255253254
255255253
252252252
252252252
248248248
241241241
229229229
234234234
244244244
251251249
251251249
255255251
255255251
255255250
250249244
255255250
255251248
255249239
254233202
208175130
20015598
20915895
20615290
21015692
21315995
21215894
21416096
20715597
207157106
206159115
205163125
193159131
1068367
2470
900
221714
272312
1070
403325
118110108
228223229
255254255
254255255
251253250
252254253
250254255
252255255
252255255
254255255
255255255
255255255
221221221
525252
777
121121121
244244244
254254254
254254254
254254254
255255255
255255255
255255255
255255255
255255255
252253255
252253255
248250249
211211209
545047
1130
755530
187155117
203160109
20815899
20915797
20815897
20816096
20816096
20815895
20815895
20815696
21215898
21115999
21015898
21015996
215164101
216165102
21216198
21115797
20915797
21015898
20915998
20915998
20816098
208159100
206160100
205159100
202161115
182155128
463017
1030
211610
1990
1440
1350
1680
25112
533322
694328
946845
1219866
14011783
158133103
174150124
179161141
213200184
255249240
255250244
255254250
251249250
250248249
255254255
253251254
254252255
255254255
253252255
252251255
254254255
243241242
190189187
120120120
636363
494949
323232
191919
333333
848484
223223223
255255253
249249247
254253249
255255251
252251247
252251247
254250251
255247241
255242217
215183142
198157105
20215697
20515697
211161100
20415692
20916199
20415898
201158105
204162120
191156124
1249470
43202
2460
1200
903
191516
949486
166166156
232229224
227223222
148143149
145143148
228227225
255255251
255255253
254255253
252255255
248252251
251253252
253253253
252252252
222222222
535353
999
138138138
251251251
253253253
253253253
254254254
254254254
254254254
255255255
255255255
255255255
254255255
254255255
255255255
241241241
132131129
14101
29140
15212693
199158112
207158102
21015898
21116097
21016099
20816098
20915996
20915996
20915797
21015898
21115999
21015898
20815897
211161100
213163102
212162101
20915797
21015898
20915797
20815897
20915998
20816098
20715997
20715997
20716199
200159107
191157122
664119
1710
846950
172148114
14411575
13510770
15412284
181146106
206167126
212169127
202159114
205165114
196159107
199158112
190155115
204181150
255241222
255253242
254255249
251252246
255254250
255254251
255251248
255254255
254254255
250251255
254255255
254254255
228228228
787775
542
220
220
000
000
444
000
747474
227227227
253253251
250250248
255255253
252252250
255255253
255254252
255252252
255252244
250229202
204172133
199157107
203158103
208161109
200154102
204163111
201163114
197164119
175145109
1088456
46288
1400
1410
1440
600
1059
117117119
210212207
197200193
110111106
262523
837
1289
625954
209206199
252249244
255255251
252252250
251253250
255255255
255255255
255255255
218218218
494949
141414
165165165
246246246
253253253
253253253
253253253
254254254
254254254
255255255
255255255
255255255
252253255
252253255
251251251
255255255
229229229
858277
1750
856437
193156114
203157105
210160101
21116097
20915998
20815897
20815895
20915996
21115999
21015898
20915797
20915797
20915998
213163102
216166105
214164103
21015898
212160100
20915998
20715796
20915998
21016099
20915998
20715997
20616196
201158103
202163124
895732
2100
674524
187154113
202162111
199155106
207159110
207156101
211159102
21015599
20515395
20915998
20615798
20715699
198156106
204176139
253239213
255254241
253255249
253255249
254255249
255254249
255253248
253253251
253254255
254255255
251252254
255255255
218217215
666563
171614
886
997
666
333
232323
868686
210210210
252252252
254254252
253253251
253253251
253253251
255255253
255254252
255253250
255250240
249229205
195166132
195160120
204165124
185147110
15412085
1138452
886534
624215
32140
1610
2070
453216
584528
503418
32161
1830
1740
1550
1020
1230
23168
524442
272219
393430
214211204
255255250
255251248
255254250
255255253
255255255
253253253
253253253
175175175
222222
282828
186186186
255255255
253253253
253253253
253253253
254254254
254254254
255255255
255255255
255255255
254255255
252253255
254254254
251249250
254254254
209205202
554736
39230
16213092
198156106
20615799
21015996
21015898
20815696
21015996
21015996
20915998
209159100
210160101
210160101
210160101
210160101
211161102
211161102
20915998
20815897
20915998
21016099
21016099
20915998
20915998
20915998
20715995
203158101
200155114
15111186
3550
49199
16612796
201154112
206154107
210154103
21415599
21415494
21315494
21115594
21115692
21115793
21215695
202155101
199167126
247232203
255253236
250253244
252255251
249254248
254255250
253254249
253255254
253254255
253254255
253255254
255254252
253252248
240239237
221221219
215215213
209209207
205205205
209209209
220220220
247247247
253253253
255255255
252252252
255255255
253253253
255255255
253253253
255255253
255254249
255251239
221208189
176158134
157133109
12710280
644228
2030
900
700
810
1000
29130
145124103
198173142
189161124
191157119
190154118
15611990
1268960
1238856
1299867
13811287
180159140
11810493
20137
575449
224223219
254254252
250250250
255254255
254252253
255255255
253253253
240240240
104104104
888
757575
225225225
255255255
254254254
254254254
254254254
254254254
255255255
255255255
255255255
255255255
253254255
254254255
255254255
255254255
255255255
249248244
147143134
27140
1118454
199161116
206159105
20715796
212160100
20715595
20815696
21115999
209159100
20815899
20815899
20715798
20815899
20815899
20815899
209159100
20915998
20915998
20915998
21016099
20915998
20815897
20815696
20815794
20715995
207158100
206158110
182137106
683424
3110
1107347
200156119
209158111
209154100
21515698
21515593
21115692
21315894
21215491
21215490
21015288
210159102
196159114
240217185
255253233
253251238
253255249
251255250
250252249
254255255
251255255
249253254
252253255
254254254
255255253
255255251
255255253
253253251
253253251
250250248
251251251
254254254
251251251
254254254
255255255
248248248
245245245
239239239
237237237
229229229
201201201
163163161
129130124
10510293
504229
35239
28143
1510
281816
494343
109109111
162163165
110110112
1488
2180
1179881
191168136
196167127
196163120
196157116
204160123
205161126
198155120
198159126
195165137
14111998
372310
1691
125124120
246248245
254255255
253254255
251251253
255254255
255255255
250250250
183183183
313131
151515
153153153
248248248
255255255
254254254
254254254
255255255
255255255
255255255
255255255
255255255
255255255
254255255
255255255
255253254
255254255
254254252
254253249
213210205
514129
674619
182148110
201158107
20515698
211159101
211159101
212160102
209159100
211161102
210160101
209159100
20815899
210158100
210158100
20815899
20815899
208159100
208159100
20816098
21016099
21016099
20915797
21015694
20815794
20515491
20615695
206155100
198153111
1228767
2700
49210
16212994
195155104
208162102
20615695
21116097
20915895
20515491
218162101
21115390
21915997
20915497
195149100
212177137
252228200
255252233
255251240
253254249
251252254
251255255
252255255
252255255
252253255
253253255
255253254
254253251
255255255
255255255
254254254
254254254
253253253
245245245
224224224
205205205
172172172
104104104
575757
434343
444444
181818
888
444
331
12117
312823
585347
117109106
187179177
222217214
252248247
254253251
248248246
237235238
157152156
464040
23149
504126
907854
1189969
166141110
183153125
195163138
185153128
152126103
866848
1970
373022
161160156
242242240
252255255
250254255
251255255
255254255
253251254
253253253
240240240
898989
000
707070
230230230
249249249
251251251
255255255
255255255
255255255
255255255
255255255
255255255
255255255
255255255
253255254
255255255
255254255
254252253
255254252
253252248
236235231
837666
39222
14411885
198160113
210163107
211159102
20915799
210160101
209159100
20715798
20715798
20715798
20715798
20815698
20815698
20715798
20615697
208159100
20715899
20816098
20816098
21015898
20915797
21015694
21115795
20915895
21016097
20915998
202156106
168133101
49210
2830
1148758
200166118
202162103
20415899
20615798
208159100
20615798
20815396
214159102
21015495
209157100
209159110
196155111
214181148
246224200
255249234
255254247
254255255
250254255
248252255
252253255
255255255
253253253
251251251
252252252
244244244
244244244
211211211
151151151
888888
464646
262626
111111
555
777
131313
242424
696969
989898
128128128
145145145
176176178
208208208
225225225
248248246
254252253
253251252
255254255
251250248
253252248
251250248
253251254
249247252
201199204
126124125
878479
423826
23160
24120
44279
523318
41228
2170
19110
757263
185184179
247247245
254255255
250251253
250254255
252255255
254253255
255255255
247247249
172172172
181818
242424
157157157
248248248
250250250
255255255
255255255
255255255
255255255
255255255
255255255
255255255
255255255
255255255
254255255
253253253
255254255
255253254
255254250
255255251
252251249
132127121
32206
12310275
195162119
203160107
212161106
20815699
209158101
208159101
20615799
20615799
208157100
20715699
20815699
209157100
210159102
211160103
208159100
20715899
20715997
20715997
20915895
21015694
21115594
21115795
21016099
20315593
20415596
207161109
207168127
1178355
2920
50232
16413293
197159110
207161111
203156104
206159105
206159105
206156103
204154101
205158106
203157105
199155106
201160116
190158120
186162134
225212195
245241230
245246241
224226223
211213210
183183181
141142137
129130125
123123121
969696
606060
424244
202020
151515
191919
343434
727272
102102102
132132132
168168168
206206206
228228228
251251251
254254254
253253253
255255255
250251255
253254255
254255255
253255254
250250252
255255255
253251254
250248249
255254252
253252250
252252254
254254255
255254255
254254255
248247243
237237229
211211201
175172163
1009385
10910095
133128124
166165161
193198194
241246242
250252249
255255255
250248249
253253253
254255255
253254255
248249253
252253255
190190192
515151
161616
119119119
236236236
252252252
251251251
254254254
255255255
255255255
255255255
255255255
255255255
255255255
255255255
255255255
254255255
254255255
254254255
255254255
255255251
251250246
252252250
182181177
312414
12210683
207178138
198156106
210159106
208155101
209160104
208159103
209160102
208159101
208157100
20715699
209157100
211159102
212161104
214163106
210161102
209160101
20816098
20815897
20915895
21015694
21215695
21215695
20815696
20715796
20815899
204157101
199157109
16513194
43202
2560
1057954
175144113
188153115
199160119
199162120
181144102
17613899
14410971
14511173
16813496
177143105
168138102
14011585
998157
877561
706657
515045
333429
141510
151410
333228
495045
696967
929493
129129131
158158160
186186186
207207207
218218218
231231231
249249249
255255255
254254254
253253253
255255255
255255255
254254254
254254254
255255255
253253255
254255255
251252255
249251250
253255252
250252251
251252254
254254255
255254255
252250251
255255253
250250250
254254255
249249251
253253255
247247245
254255250
251253250
251253250
253249248
252248247
255254255
248252253
247255255
246255254
249253252
253253253
255253254
255254255
252252254
254255255
250251253
164166165
353535
666
818181
229229229
253253253
255255255
255255255
253253253
255255255
255255255
255255255
255255255
255255255
255255255
255255255
255255255
249253252
254255255
254254255
254252253
255255251
255255250
248248248
205205203
615851
1028972
213187152
220179133
221171120
218165113
220170117
218171117
221172116
219170112
218167110
218167110
219167110
220168111
219168111
219168111
209160101
206160100
20816098
20815897
20915895
21015694
21115692
21415693
21315391
21515696
21115699
205156100
202157102
187152110
594222
1110
2182
392214
46256
50284
533110
43223
33140
2790
33180
38234
33171
2070
23131
352818
555247
737268
110109107
148147145
184183181
207206204
230229227
243243243
248248250
251252254
253254255
254255255
255255255
253253255
253253253
255255255
255255255
253253253
255254255
255253254
255254255
255254255
253251252
255253254
255255255
253253253
254252255
255254255
253254249
254255251
252254251
251253252
254255255
251251253
254254254
254254252
255255253
254254254
255255255
255255255
255255255
250250248
249251250
255255255
255252252
255253251
255251250
253253251
252255255
250255254
254255255
253251252
255252255
254249253
255254255
253252250
177176172
373632
131311
103103103
228228228
252252252
252252252
252252252
255255255
255255255
255255255
255255255
255255255
255255255
255255255
255255255
255255255
255255255
254255255
251253252
254255255
254254254
255254250
253252248
249249249
231231231
108107105
443424
163139111
211173134
217169123
221169119
217170116
217170116
221172116
219170112
218167110
218167110
220168110
218166108
214162104
210160101
20715899
20615896
20715796
20715796
20815794
20915593
21015591
21315592
21415492
21515595
21015495
20715597
208159100
17213583
694819
1750
1110
1332
1770
1660
1770
261710
362825
433835
625751
848174
115112105
163160155
203202198
225226221
243243241
247247247
255255255
250248249
251249250
254252253
252250251
253251252
255255255
254254255
254255255
254255255
255255255
255255255
255255255
255255255
255255255
255255255
255254255
255253254
255253254
255253254
255254255
255254255
255255255
255254255
255253255
255254255
254253249
255255251
253255252
254255255
254255255
254255255
255255255
253253251
255255253
254254254
254254254
255255255
251251251
255255255
254255255
255254255
255249249
255252250
255254253
255255253
251253250
252255253
252252252
255254255
255251255
254249253
219217218
132131129
403935
984
107107105
234234234
253253253
254254254
255255255
255255255
255255255
254254254
255255255
255255255
255255255
255255255
255255255
255255255
255255255
255255255
255255255
254255255
254255255
255255253
255254250
254253251
252252254
250251255
213212217
645654
613925
171137109
216171130
218168117
215168112
220174115
215166110
213164106
211160103
211159101
21315999
21315999
21215896
21215896
20915895
20815794
20815794
20815794
21015694
21015694
21015694
21115594
21315496
21015193
21315798
21015694
20615790
203162100
195162117
14612294
402313
1540
918478
181176170
183180175
216213208
241237236
237233232
248249244
251252247
254255250
255255251
254255250
253254249
253253251
252254251
252254253
253253253
253253253
253253253
254252253
255253254
255254255
255254255
255255255
255255255
255255255
255255255
255255255
255255255
255255255
255255255
255255255
255255255
255255255
255255255
255255255
255255255
255255255
255255255
255254255
255254255
255255253
255255253
255255255
255255255
255255255
255255255
254254254
255255255
255255255
254254254
255255255
253253253
255255255
255255255
255255255
254254254
253251252
255255253
254252253
255255255
253253253
251253252
250250250
235235235
193191192
119117118
323232
777
545452
141141139
238238238
249249249
255255255
255255255
254254254
255255255
255255255
254254254
255255255
255255255
255255255
255255255
255255255
255255255
255255255
255255255
255255255
255255255
254255255
254255253
255255251
255255253
254254254
254253255
252251255
173167169
422517
916443
198158122
223177128
221174118
212163104
20615799
20615697
20615496
20615494
20615592
20715693
20615590
20615590
20815794
20815794
20815794
20815794
21115793
21115793
21215793
21115793
21215898
20915595
21115596
20915490
20815589
20415692
201160106
196164125
947251
1520
464137
193192190
255255253
250250248
252250251
255254255
251253250
253255252
254255253
255255253
255255253
254255250
254254252
253255252
252254253
252254253
252253255
252253255
254254254
255253254
255255253
255255253
255255255
255255255
255255255
255255255
255255255
255255255
255255255
255255255
255255255
255255255
255255255
255255255
255255255
255255255
255255255
255255255
255255255
255255255
255255255
255255255
255255255
255255255
255255255
255255255
255255255
254254254
255255255
254254254
253253253
255255255
253253253
255255255
251251251
253253253
255255255
253253253
252252252
251251251
251251251
170170170
757575
434343
111111
222222
717171
165165165
233233233
254254254
250250250
254254254
255255255
255255255
254254254
254254254
255255255
254254254
255255255
255255255
255255255
255255255
255255255
255255255
255255255
255255255
255255255
255255255
254255255
254255255
255255253
255255251
255255253
255254255
251249252
247243242
126115109
36170
1319867
208166124
205160105
20615798
20615494
20615592
20715693
20815794
20715892
20615892
20615894
20315893
20415896
20415896
20615894
20815993
20915892
21315891
21415790
21215790
20615592
20915998
20915595
21115596
21215393
21015696
206160101
197161113
15212796
412510
800
9997102
245245247
250250250
249247248
255255253
255255255
255255255
255255255
255255253
255254252
254254252
254254252
254254252
254254254
254254254
253255254
253255254
254254254
254254254
255255255
255255255
255255255
255255255
255255255
255255255
255255255
255255255
255255255
255255255
255255255
255255255
255255255
255255255
255255255
255255255
255255255
255255255
255255255
255255255
255255255
255255255
255255255
255255255
255255255
255255255
253253253
255255255
250250250
254254254
255255255
253253253
237237237
223223223
222222222
195195195
170170170
160160160
179179179
155155155
888888
212121
353535
110110110
156156156
206206206
249249249
255255255
248248248
255255255
255255255
255255255
254254254
255255255
255255255
254254254
254254254
255255255
255255255
255255255
255255255
255255255
255255255
255255255
255255255
255255255
255255255
255255255
254255255
252255255
254255253
255255251
255254251
255254253
255254255
255254253
203195192
503826
603612
16713396
200157106
20715899
20715595
20915593
20815794
20915895
20715794
20715794
20515793
20515795
20615896
20615896
20615896
20715794
20915892
21215790
21415788
21215790
20916094
20715794
20915595
21115596
21215397
20615194
203156100
199161112
173147114
584123
1332
898490
241241243
254254255
255255255
252252252
254254254
254254254
255253254
255253254
255253254
255254252
254254252
254254252
255255255
255255255
254254254
253255254
255255255
255255255
255255255
255255255
255255255
255255255
255255255
255255255
255255255
255255255
255255255
255255255
255255255
255255255
255255255
255255255
255255255
255255255
255255255
255255255
255255255
255255255
255255255
255255255
255255255
255255255
255255255
255255255
255255255
250250250
255255255
255255255
251251251
245245245
158158158
262626
181818
333
111111
121212
101010
161616
282828
105105105
210210210
248248248
252252252
250250250
249249249
255255255
255255255
251251251
254254254
253253253
253253253
255255255
255255255
255255255
255255255
255255255
255255255
255255255
255255255
255255255
255255255
255255255
255255255
255255255
255254255
255255255
254255255
252255255
254255255
255255253
255255250
255255250
255252249
255254252
243242240
135130124
33171
1128555
196155111
203156102
20615697
20815696
21015696
21015696
21015696
20915595
20915595
20915497
21015598
20815698
20715597
20715595
21015694
21115692
21115691
21115691
21115793
20215186
215159100
21215699
213157100
20815699
203157107
197160116
14611990
37204
1670
139135134
250250250
250251253
251252254
254254255
254254255
255253255
255253255
255254255
255254255
255254255
255254255
255254255
255254255
255255255
255255255
255255255
254255255
254255255
254255255
254255255
255255255
255255255
255255255
255255255
255255255
255255255
255255255
255255255
255255255
255255255
255255255
255255255
255255255
255255255
255255255
255255255
255255255
255255255
255255255
255255255
255255255
255255255
255255255
255255255
254254254
255255255
254254254
255255255
253253253
255255255
192192192
181818
323232
127127127
168168168
186186186
193193193
211211211
233233233
251251251
253253253
255255255
253253253
255255255
255255255
252252252
254254254
255255255
254254254
255255255
255255255
255255255
255255255
255255255
255255255
254254254
255255255
255255255
255255255
255255255
255255255
255255255
255255255
255255255
255254255
255255255
254255255
252255255
252255255
254255253
255255250
255255250
255255250
254253249
251252254
203202200
524433
563814
16913496
200156107
208157102
20815698
21015598
21015696
21115596
21215695
21215695
21215697
21115596
21015696
20915595
20915595
21015493
21015493
21015591
21015591
21015590
21516096
21215695
20715597
209159100
19815398
201163118
180147114
583313
2360
786964
223219218
253253253
251252254
253254255
250251253
255253255
255253255
255254255
255254255
255254255
255254255
255254255
255253254
255254255
255254255
255255255
255255255
254255255
254255255
254255255
254255255
255255255
255255255
255255255
255255255
255255255
255255255
255255255
255255255
255255255
255255255
255255255
255255255
255255255
255255255
255255255
255255255
255255255
255255255
255255255
255255255
255255255
255255255
255255255
255255255
255255255
255255255
255255255
252252252
255255255
251251251
172172172
141414
282828
216216216
248248248
253253253
253253253
248248248
255255255
250250250
254254254
251251251
252252252
255255255
255255255
255255255
255255255
255255255
255255255
255255255
255255255
255255255
254254254
255255255
255255255
255255255
255255255
255255255
255255255
255255255
255255255
255255255
255255255
255255255
255254255
255254255
255255255
252255255
252255255
252255255
255255251
255255250
255255250
253252248
249250252
244245247
135132127
30182
1077848
188149106
207157106
20815698
20915595
20915593
20915591
21015791
21015791
21015791
21015791
20815792
20715691
20715693
21015694
21015694
21015493
21215491
21415390
21315390
21015692
20715997
19715796
198165112
174146109
735130
2230
574343
211201202
255251253
254252255
248247252
253254255
253254255
255253254
255253254
254254255
255255255
255255255
254254255
255255255
255255255
255255253
255255253
255255253
255255253
255255255
255255255
254255255
254255255
255255255
255255255
255255255
255255255
255255255
255255255
255255255
255255255
255255255
255255255
255255255
255255255
255255255
255255255
255255255
255255255
255255255
255255255
255255255
255255255
255255255
255255255
255255255
255255255
252252252
254254254
255255255
255255255
255255255
255255255
180180180
121212
303030
184184184
251251251
251251251
250250250
254254254
254254254
253253253
254254254
255255255
255255255
253253253
254254254
255255255
255255255
255255255
254254254
255255255
255255255
254254254
254254254
255255255
255255255
255255255
255255255
255255255
255255255
255255255
255255255
255255255
255255255
255255255
255254255
255254255
255255255
254255255
251255255
251255255
252254251
254253248
255254249
255251248
254255255
248252253
216216214
655947
43230
16613295
204161110
209159100
20915797
20815792
21015692
21115892
21015789
21015789
21015789
20715690
20815792
20815792
20815794
20815794
21015694
21015493
21115292
21215697
20515698
198159104
198168118
14311981
51339
2170
786765
211200204
255247248
255249249
254250249
253252250
255255253
252252250
255254252
255253254
255255255
255255255
254254255
254255255
255255255
255255255
255255255
255255253
255255253
255255253
255255255
255255255
254255255
254255255
255255255
255255255
255255255
255255255
255255255
255255255
255255255
255255255
255255255
255255255
255255255
255255255
255255255
255255255
255255255
255255255
255255255
255255255
255255255
255255255
255255255
255255255
255255255
255255255
255255255
253253253
255255255
255255255
252252252
253253253
161161161
777
666
969696
244244244
254254254
253253253
250250250
251251251
255255255
255255255
255255255
254254254
255255255
255255255
255255255
255255255
254254254
255255255
255255255
255255255
255255255
255255255
255255255
255255255
255255255
255255255
255255255
255255255
255255255
255255255
255255255
255255255
255255255
255254253
255254253
255254255
255255255
252255255
251255255
252255255
255255253
255252247
255255250
255255255
252254253
247249248
154151144
33204
845928
18614997
20616098
20415692
20715892
20915893
21015791
21115691
21115691
21115691
21215894
20515489
20715693
21016097
20615693
20615892
20515795
20615598
199151102
203165120
187157121
1038158
26100
24158
928783
217213210
252248245
255253248
255252246
255252241
255251240
254249243
254251246
255255250
252251247
255255253
253255254
251252254
252255255
252253255
254255255
255255255
255255255
255255253
255254252
255255253
254254252
254255255
254255255
254254254
255255255
255255255
253253253
254254254
255255255
253253253
255255255
255255255
253253253
255255255
255255255
255255255
253253253
255255255
255255255
255255255
255255255
255255255
255255255
255255255
253253253
254254254
255255255
255255255
255255255
253253253
255255255
255255255
255255255
236236236
969696
555
505050
186186186
229229229
254254254
255255255
251251251
255255255
255255255
255255255
255255255
255255255
255255255
255255255
255255255
255255255
255255255
255255255
255255255
255255255
255255255
255255255
255255255
255255255
255255255
255255255
255255255
255255255
255255255
255255255
255255255
255255255
255254253
255254253
255254255
255255255
252255255
251255255
252255255
254255255
255255251
255253248
254254252
250252249
254255255
220219215
615243
44285
15913088
197160107
205164110
204159104
20515698
20615697
20915797
21015696
20515395
208157100
208159103
206159105
19715499
200159105
203162108
195158106
195158114
16713398
1057849
37160
1940
544546
162158159
244244244
250251246
254255249
249248243
252249240
240234222
195188172
198191175
250242229
255252241
255255247
250251245
254255253
251255254
249253254
252255255
251255255
252254253
253253253
255255253
255255253
255255253
253253251
255255255
253255254
255255255
255255255
255255255
255255255
255255255
255255255
254254254
254254254
255255255
252252252
255255255
255255255
252252252
255255255
254254254
255255255
255255255
255255255
254254254
255255255
255255255
255255255
255255255
253253253
251251251
255255255
255255255
255255255
254254254
254254254
250250250
229229229
666666
111
131313
444444
198198198
255255255
251251251
255255255
255255255
255255255
255255255
255255255
255255255
255255255
255255255
255255255
255255255
255255255
255255255
255255255
255255255
255255255
255255255
255255255
255255255
255255255
255255255
255255255
255255255
255255255
255255255
255255255
255254253
255254253
255254255
255255255
254255255
252255255
252255255
254255255
255254252
255255251
255255251
255255251
252252250
252253248
158155150
28186
866544
168141112
194164130
194158122
201159117
204160115
206160111
207159110
208162113
199155108
201159117
187149110
184150113
16313097
14211383
1169065
583718
2590
2060
1880
322422
205201202
251251251
249251250
250252249
246248245
252251249
241238233
156149139
127118101
155143117
208198171
253246228
255252240
255255246
254255249
254255253
252255255
248254254
251255255
254255255
255255255
255255253
255254252
255255253
255255253
255255255
255255255
254254254
255255255
255255255
254254254
253253253
253253253
255255255
254254254
251251251
255255255
253253253
254254254
255255255
254254254
255255255
252252252
254254254
255255255
255255255
254254254
253253253
253253253
254254254
255255255
249249249
239239239
245245245
246246246
253253253
253253253
255255255
248248248
226226226
104104104
121212
111
646464
219219219
255255255
255255255
255255255
255255255
255255255
255255255
255255255
255255255
255255255
255255255
255255255
255255255
255255255
255255255
255255255
255255255
255255255
255255255
255255255
255255255
255255255
255255255
255255255
255255255
255255255
255255255
255254253
255255253
255254255
255255255
254255255
254255255
254255255
254255255
255255253
255255251
255255251
255255251
253254249
251251249
233233231
143138134
453223
493117
785942
1007553
1179063
14411384
14110875
14711481
1178451
1057445
845428
56307
40180
2870
2450
412716
716458
141137134
198195190
514744
1287
136135133
247247247
252254253
249251250
252254253
251251251
199195192
423529
1120
836943
176162135
216205185
254247231
253249237
252252242
251253248
252255253
250254253
252255255
254255255
254255255
255254255
255254252
255255253
255255253
255255255
254254254
255255255
255255255
254254254
255255255
255255255
254254254
255255255
254254254
255255255
255255255
255255255
253253253
246246246
214214214
210210210
193193193
182182182
180180180
163163163
136136136
121121121
114114114
999999
808080
444444
323232
282828
727272
187187187
250250250
249249249
255255255
251251251
247247247
128128128
191919
777
666666
228228228
252252252
254254254
254254254
254254254
254254254
255255255
255255255
255255255
255255255
255255255
255255255
255255255
255255255
255255255
255255255
255255255
255255255
255255255
255255255
255255255
255255255
255255255
255255255
255255255
255255255
255255253
255254255
255255255
254255255
255254255
255255255
255255255
255255255
254254254
255255253
253253251
255255251
255255251
251251249
254254252
249249247
219216211
155151142
11210597
948576
705748
574435
523930
523930
523930
574738
877670
11110295
163154147
182173166
210201194
235230226
244246243
250255251
228230225
616256
660
919085
241239240
251251253
250251253
246247249
229229229
919088
711
1000
35218
147132113
188173152
239226207
255254239
255251240
255254249
253255252
252255255
251255255
252253255
254255255
255254255
255254255
255255253
255255253
255255255
254254254
255255255
252252252
255255255
255255255
255255255
250250250
250250250
242242242
211211211
170170170
154154154
109109109
646464
252525
141414
111111
151515
141414
212121
393939
565656
676767
797979
909090
107107107
111111111
191919
111
535353
198198198
252252252
249249249
254254254
255255255
251251251
109109109
000
292929
199199199
253253253
252252252
252252252
253253253
253253253
254254254
255255255
255255255
255255255
255255255
255255255
255255255
255255255
255255255
255255255
255255255
255255255
255255255
255255255
255255255
255255255
255255255
255255255
255255255
255255255
255255253
255255255
254255255
254255255
255255255
255254255
255254253
255255253
251251251
255255255
253255254
255255253
255255253
255254252
255255253
255255253
255255253
254254252
255254250
252251247
246245243
245244242
238237235
244244244
246246246
244244246
250250252
255255255
255255255
255254252
253252250
253253251
249253254
251255255
240245239
717467
120
626157
228226227
250250252
254254255
254255255
205205203
444341
734
700
1540
1049077
178160138
206188166
253237221
255248236
255255248
255255253
254255255
252255255
253254255
254255255
255253254
255254255
255254252
255255253
254254254
253253253
244244244
242242242
235235235
202202202
173173173
133133133
828282
353535
141414
121212
161616
252525
646464
116116116
154154154
182182182
192192192
210210210
229229229
240240240
245245245
250250250
254254254
255255255
254254254
247247247
160160160
252525
555
333333
141141141
196196196
205205205
187187187
163163163
626262
888
595959
231231231
255255255
251251251
251251251
252252252
253253253
254254254
254254254
255255255
255255255
255255255
255255255
255255255
255255255
255255255
255255255
255255255
255255255
255255255
255255255
255255255
255255255
255255255
255255255
255255255
255255255
255255253
255255255
252255255
252255255
255254255
255254253
255254250
255254251
255255255
253254255
252255255
248249251
255255253
255255253
251250248
254254252
252252252
253255254
252252250
255255253
253254249
254255250
255255251
253253251
255255255
252254253
254255255
252253255
253254255
252252252
255255255
254254255
254255255
251252254
242244239
676863
534
434144
211210215
253253255
247247245
255255251
227228223
737469
431
400
610
443422
13911794
184160136
212194174
255244231
255252244
254253249
254254255
253254255
254255255
252253255
251249250
255253254
241239240
201199200
132132132
808080
484848
272727
252525
161616
131313
131313
484848
989898
149149149
195195195
213213213
226226226
243243243
251251251
251251251
254254254
252252252
255255255
255255255
255255255
255255255
254254254
253253253
252252252
252252252
254254254
246246246
153153153
404040
777
222
161616
141414
000
666
242424
878787
202202202
253253253
249249249
252252252
252252252
253253253
253253253
254254254
254254254
255255255
255255255
255255255
255255255
255255255
255255255
255255255
255255255
255255255
255255255
255255255
255255255
255255255
255255255
255255255
255255255
255255255
255255255
255255253
254255255
252255255
254255255
255254255
255254253
255254251
255254251
255255255
251252254
252255255
252255255
254254254
254253251
255255253
255255253
255255255
252254253
255255255
255255253
254254252
255255251
251251249
255255253
252254253
254255255
252253255
254255255
254255255
254255255
255255255
254254255
254254255
255255255
252252250
156156154
201821
427
777681
204204206
243244239
241242236
217218213
777873
431
13128
13128
1030
29100
1108970
179162146
225213201
255253247
255252249
252252252
248249251
243244246
220220222
165165165
999798
383637
141213
141414
262626
656565
106106106
163163163
176176176
197197197
220220220
238238238
255255255
254254254
252252252
255255255
253253253
255255255
253253253
255255255
252252252
255255255
255255255
255255255
254254254
254254254
255255255
255255255
255255255
255255255
250250250
254254254
250250250
233233233
170170170
123123123
868686
797979
113113113
174174174
223223223
248248248
252252252
255255255
253253253
253253253
253253253
253253253
254254254
254254254
255255255
255255255
255255255
255255255
255255255
255255255
255255255
255255255
255255255
255255255
255255255
255255255
255255255
255255255
255255255
255255255
255255255
255255255
255255255
255255255
255255255
254255255
255255255
255255255
255254255
255255253
255255253
255255255
255255255
254255255
254255255
255255255
255255255
255255255
255255255
255255255
255255255
255255255
255255255
255255255
255255253
255255255
255255255
255255255
255255255
255255255
255255255
255255255
255255255
255255255
255255255
255255255
248248248
255255255
239239239
154154154
515153
101012
191919
646462
606058
232321
442
222222
121121119
147147145
191512
1340
867667
189180173
229222216
254249245
255251248
236235233
153153153
676767
202020
333
121212
313131
909090
174174176
225225227
247247247
251251251
255255255
254254254
254254254
255255255
255255255
254254254
254254254
254254254
254254254
254254254
254254254
254254254
254254254
254254254
255255255
255255255
255255255
255255255
255255255
255255255
255255255
255255255
254254254
254254254
253253253
253253253
253253253
253253253
253253253
253253253
253253253
253253253
253253253
253253253
253253253
253253253
253253253
253253253
254254254
254254254
254254254
254254254
254254254
255255255
255255255
255255255
255255255
255255255
255255255
255255255
255255255
255255255
255255255
255255255
255255255
255255255
255255255
255255255
255255255
255255255
255255255
255255255
255255255
255255255
255255255
255255255
255255255
255255255
255255255
255255255
255255255
255255255
255255255
255255255
255255255
255255255
255255255
255255255
255255255
255255255
255255255
255255255
255255255
255255255
255255255
255255255
255255255
255255255
255255255
255255255
255255255
255255255
255255255
255255255
253253253
255255255
254254254
251251251
253253253
236236236
161161161
747474
515151
636363
999999
140140140
197197197
246246246
219219219
605957
843
129124121
252248245
255254251
255251248
254250247
125124122
131210
553
424240
121121121
185185185
231231231
252252252
252252254
252252254
252252252
255255255
255255255
255255255
255255255
255255255
255255255
255255255
255255255
255255255
255255255
255255255
255255255
255255255
255255255
255255255
255255255
255255255
255255255
255255255
255255255
255255255
255255255
255255255
255255255
254254254
254254254
254254254
253253253
253253253
254254254
254254254
254254254
254254254
254254254
254254254
254254254
254254254
254254254
254254254
254254254
254254254
254254254
254254254
254254254
255255255
255255255
255255255
255255255
255255255
255255255
255255255
255255255
255255255
255255255
255255255
255255255
255255255
255255255
255255255
255255255
255255255
255255255
255255255
255255255
255255255
255255255
255255255
255255255
255255255
255255255
255255255
255255255
255255255
255255255
255255255
255255255
255255255
255255255
255255255
255255255
255255255
255255255
255255255
255255255
255255255
255255255
255255255
255255255
255255255
255255255
255255255
255255255
255255255
255255255
255255255
255255255
252252252
253253253
253253253
250250250
250250250
251251251
248248248
245245245
244244244
253253253
252252252
255255255
253253253
233233233
686765
510
125121118
245241238
254250247
255254252
199198196
363533
431
585858
222222222
253253253
250250250
255255255
251251251
250250250
255255255
254254254
255255255
255255255
255255255
254254254
255255255
255255255
255255255
255255255
255255255
255255255
255255255
255255255
255255255
255255255
255255255
255255255
255255255
255255255
255255255
255255255
255255255
255255255
255255255
255255255
255255255
254254254
254254254
254254254
254254254
254254254
254254254
254254254
254254254
254254254
254254254
254254254
254254254
254254254
254254254
254254254
254254254
255255255
255255255
255255255
255255255
255255255
255255255
255255255
255255255
255255255
255255255
255255255
255255255
255255255
255255255
255255255
255255255
255255255
255255255
255255255
255255255
255255255
255255255
255255255
255255255
255255255
255255255
255255255
255255255
255255255
255255255
255255255
255255255
255255255
255255255
255255255
255255255
255255255
255255255
255255255
255255255
255255255
255255255
255255255
255255255
255255255
255255255
255255255
255255255
255255255
255255255
255255255
255255255
255255255
255255255
255255255
255255255
255255255
254254254
252252252
253253253
254254254
251251251
253253253
255255255
254254254
254254254
249249249
251251251
245245245
120120120
12119
262219
128124121
177176172
115114112
323129
542
242321
175175175
250250250
245245245
253253253
252252252
253253253
254254254
254254254
254254254
255255255
255255255
254254254
254254254
255255255
255255255
255255255
255255255
255255255
255255255
255255255
255255255
255255255
255255255
255255255
255255255
255255255
255255255
255255255
255255255
255255255
255255255
255255255
255255255
255255255
255255255
255255255
255255255
255255255
255255255
255255255
255255255
255255255
255255255
255255255
255255255
255255255
255255255
255255255
255255255
255255255
255255255
255255255
255255255
255255255
255255255
255255255
255255255
255255255
255255255
255255255
255255255
255255255
255255255
255255255
255255255
255255255
255255255
255255255
255255255
255255255
255255255
255255255
255255255
255255255
255255255
255255255
255255255
255255255
255255255
255255255
255255255
255255255
255255255
255255255
255255255
255255255
255255255
255255255
255255255
255255255
255255255
255255255
255255255
255255255
255255255
255255255
255255255
255255255
255255255
255255255
255255255
255255255
255255255
255255255
255255255
254254254
254254254
255255255
255255255
255255255
255255255
254254254
252252252
255255255
254254254
255255255
253253253
255255255
255255255
233233233
159158156
595856
986
1097
201917
444442
919191
172172172
245245245
251251251
255255255
254254254
254254254
255255255
252252252
251251251
254254254
255255255
255255255
255255255
255255255
255255255
255255255
255255255
255255255
255255255
255255255
255255255
255255255
255255255
255255255
255255255
255255255
255255255
255255255
255255255
255255255
255255255
255255255
255255255
255255255
255255255
255255255
255255255
255255255
255255255
255255255
255255255
255255255
255255255
255255255
255255255
255255255
255255255
255255255
255255255
255255255
255255255
255255255
255255255
255255255
255255255
255255255
255255255
255255255
255255255
255255255
255255255
255255255
255255255
255255255
255255255
255255255
255255255
255255255
255255255
255255255
255255255
255255255
255255255
255255255
255255255
255255255
255255255
255255255
255255255
255255255
255255255
255255255
255255255
255255255
255255255
255255255
255255255
255255255
255255255
255255255
255255255
255255255
255255255
255255255
255255255
255255255
255255255
255255255
255255255
255255255
255255255
255255255
255255255
255255255
255255255
254254254
254254254
254254254
255255255
255255255
254254254
254254254
255255255
255255255
255255255
253253253
255255255
255255255
253253253
252252252
255255255
254253251
238237235
193192190
183182180
204204202
235235233
251251251
255255255
255255255
252252252
253253253
254254254
251251251
253253253
255255255
254254254
255255255
255255255
255255255
255255255
255255255
255255255
255255255
255255255
255255255
255255255
255255255
255255255
255255255
255255255
255255255
255255255
255255255
255255255
255255255
255255255
255255255
255255255
255255255
255255255
255255255
255255255
255255255
255255255
255255255
255255255
255255255
255255255
255255255
255255255
255255255
255255255
255255255
255255255
255255255
255255255
255255255
255255255
255255255
255255255
255255255
255255255
255255255
255255255
255255255
255255255
255255255
255255255
255255255
255255255
255255255
255255255
255255255
255255255
255255255
255255255
255255255
255255255
255255255
255255255
255255255
255255255
255255255
255255255
255255255
255255255
255255255
255255255
255255255
255255255
255255255
255255255
255255255
255255255
255255255
255255255
255255255
255255255
255255255
255255255
255255255
255255255
255255255
255255255
255255255
255255255
255255255
255255255
255255255
255255255
255255255
255255255
255255255
255255255
255255255
255255255
255255255
255255255
254254254
255255255
254254254
255255255
255255255
255255255
255255255
254254254
255255255
250250250
255255255
255255255
254254254
255255255
255255255
252252252
255255255
253253253
255255255
254254254
254254254
255255255
253253253
255255255
252250251
255254255
255255255
255255255
255255255
255255255
255255255
254254254
255255255
255255255
255255255
255255255
255255255
255255255
255255255
255255255
255255255
255255255
255255255
255255255
255255255
255255255
255255255
255255255
255255255
255255255
255255255
255255255
255255255
255255255
255255255
255255255
255255255
255255255
255255255
255255255
255255255
255255255
255255255
255255255
255255255
255255255
255255255
255255255
255255255
255255255
255255255
255255255
255255255
255255255
255255255
255255255
255255255
255255255
255255255
255255255
255255255
255255255
255255255
255255255
255255255
255255255
255255255
255255255
255255255
255255255
255255255
255255255
255255255
255255255
255255255
255255255
255255255
255255255
255255255
255255255
255255255
255255255
255255255
255255255
255255255
255255255
255255255
255255255
255255255
255255255
255255255
255255255
255255255
255255255
255255255
255255255
255255255
255255255
255255255
255255255
255255255
255255255
255255255
255255255
254254254
253253253
255255255
255255255
255255255
255255255
255255255
252252252
255255255
255255255
254254254
255255255
253253253
255255255
255255255
255255255
255255255
255255255
252252252
255255255
255255255
255255255
255255255
255255255
254254254
253253253
255255255
255255255
255254255
255253254
255255255
255255255
255255255
255255255
255255255
255255255
255255255
255255255
255255255
255255255
255255255
255255255
255255255
255255255
255255255
255255255
255255255
255255255
255255255
255255255
255255255
255255255
255255255
255255255
255255255
255255255
255255255
255255255
255255255
255255255
255255255
255255255
255255255
255255255
255255255
255255255
255255255
255255255
255255255
255255255
255255255
255255255
255255255
255255255
255255255
255255255
255255255
255255255
255255255
255255255
255255255
255255255
255255255
255255255
255255255
255255255
255255255
255255255
255255255
255255255
255255255
255255255
255255255
255255255
