1000000000000000
0111111010111001
0111110101110111
0111110000110111
0111101011111011
0111100111000001
0111100010001011
0111011101011000
0111011000101000
0111010011111011
0111001111010001
0111001010101010
0111000110000110
0111000001100101
0110111101000111
0110111000101011
0110110100010011
0110101111111101
0110101011101010
0110100111011001
0110100011001100
0110011111000001
0110011010111000
0110010110110011
0110010010110000
0110001110101111
0110001010110001
0110000110110110
0110000010111101
0101111111000111
0101111011010011
0101110111100001
0101110011110010
0101110000000101
0101101100011011
0101101000110011
0101100101001101
0101100001101001
0101011110001000
0101011010101001
0101010111001101
0101010011110010
0101010000011010
0101001101000011
0101001001101111
0101000110011101
0101000011001101
0101000000000000
0100111100110100
0100111001101010
0100110110100010
0100110011011101
0100110000011001
0100101101010111
0100101010010111
0100100111011001
0100100100011101
0100100001100011
0100011110101010
0100011011110100
0100011000111111
0100010110001100
0100010011011011
0100010000101011
0100001101111110
0100001011010010
0100001000101000
0100000101111111
0100000011011000
0100000000110011
0011111110010000
0011111011101110
0011111001001101
0011110110101111
0011110100010010
0011110001110110
0011101111011100
0011101101000100
0011101010101101
0011101000010111
0011100110000011
0011100011110001
0011100001100000
0011011111010000
0011011101000010
0011011010110101
0011011000101010
0011010110100000
0011010100010111
0011010010010000
0011010000001010
0011001110000101
0011001100000010
0011001010000000
0011001000000000
0011000110000000
0011000100000010
0011000010000101
0011000000001010
0010111110001111
0010111100010110
0010111010011110
0010111000100111
0010110110110010
0010110100111110
0010110011001010
0010110001011000
0010101111100111
0010101101110111
0010101100001001
0010101010011011
0010101000101110
0010100111000011
0010100101011001
0010100011101111
0010100010000111
0010100000100000
0010011110111010
0010011101010100
0010011011110000
0010011010001101
0010011000101011
0010010111001010
0010010101101001
0010010100001010
0010010010101100
0010010001001110
0010001111110010
0010001110010110
0010001100111100
0010001011100010
0010001010001001
0010001000110001
0010000111011010
0010000110000100
0010000100101110
0010000011011010
0010000010000110
0010000000110011
0001111111100001
0001111110010000
0001111101000000
0001111011110000
0001111010100001
0001111001010011
0001111000000110
0001110110111001
0001110101101110
0001110100100011
0001110011011001
0001110010001111
0001110001000110
0001101111111110
0001101110110111
0001101101110000
0001101100101010
0001101011100101
0001101010100001
0001101001011101
0001101000011010
0001100111010111
0001100110010101
0001100101010100
0001100100010100
0001100011010100
0001100010010101
0001100001010110
0001100000011000
0001011111011011
0001011110011110
0001011101100010
0001011100100110
0001011011101011
0001011010110001
0001011001110111
0001011000111110
0001011000000101
0001010111001101
0001010110010101
0001010101011110
0001010100101000
0001010011110010
0001010010111101
0001010010001000
0001010001010100
0001010000100000
0001001111101101
0001001110111010
0001001110001000
0001001101010110
0001001100100101
0001001011110100
0001001011000100
0001001010010100
0001001001100100
0001001000110110
0001001000000111
0001000111011001
0001000110101100
0001000101111111
0001000101010010
0001000100100110
0001000011111010
0001000011001111
0001000010100100
0001000001111010
0001000001010000
0001000000100110
0000111111111101
0000111111010100
0000111110101100
0000111110000100
0000111101011101
0000111100110110
0000111100001111
0000111011101000
0000111011000010
0000111010011101
0000111001111000
0000111001010011
0000111000101110
0000111000001010
0000110111100110
0000110111000011
0000110110100000
0000110101111101
0000110101011011
0000110100111001
0000110100010111
0000110011110110
0000110011010101
0000110010110100
0000110010010100
0000110001110100
0000110001010100
0000110000110101
0000110000010101
0000101111110111
0000101111011000
0000101110111010
0000101110011100
0000101101111111
0000101101100001
0000101101000100
0000101100101000
0000101100001011
0000101011101111
0000101011010011
0000101010111000
0000101010011100
0000101010000001
0000101001100110
0000101001001100
0000101000110010
0000101000011000
0000100111111110
0000100111100101
0000100111001011
0000100110110010
0000100110011010
0000100110000001
0000100101101001
0000100101010001
0000100100111001
0000100100100010
0000100100001011
0000100011110100
0000100011011101
0000100011000110
0000100010110000
0000100010011010
0000100010000100
0000100001101110
0000100001011001
0000100001000011
0000100000101110
0000100000011001
0000100000000101
0000011111110000
0000011111011100
0000011111001000
0000011110110100
0000011110100001
0000011110001101
0000011101111010
0000011101100111
0000011101010100
0000011101000001
0000011100101111
0000011100011101
0000011100001011
0000011011111001
0000011011100111
0000011011010101
0000011011000100
0000011010110011
0000011010100010
0000011010010001
0000011010000000
0000011001101111
0000011001011111
0000011001001111
0000011000111111
0000011000101111
0000011000011111
0000011000001111
0000011000000000
0000010111110001
0000010111100001
0000010111010011
0000010111000100
0000010110110101
0000010110100110
0000010110011000
0000010110001010
0000010101111100
0000010101101110
0000010101100000
0000010101010010
0000010101000101
0000010100110111
0000010100101010
0000010100011101
0000010100010000
0000010100000011
0000010011110110
0000010011101001
0000010011011101
0000010011010001
0000010011000100
0000010010111000
0000010010101100
0000010010100000
0000010010010100
0000010010001001
0000010001111101
0000010001110010
0000010001100110
0000010001011011
0000010001010000
0000010001000101
0000010000111010
0000010000101111
0000010000100101
0000010000011010
0000010000010000
0000010000000101
0000001111111011
0000001111110001
0000001111100111
0000001111011101
0000001111010011
0000001111001001
0000001111000000
0000001110110110
0000001110101101
0000001110100011
0000001110011010
0000001110010001
0000001110001000
0000001101111111
0000001101110110
0000001101101101
0000001101100100
0000001101011100
0000001101010011
0000001101001011
0000001101000010
0000001100111010
0000001100110010
0000001100101010
0000001100100010
0000001100011010
0000001100010010
0000001100001010
0000001100000010
0000001011111010
0000001011110011
0000001011101011
0000001011100100
0000001011011101
0000001011010101
0000001011001110
0000001011000111
0000001011000000
0000001010111001
0000001010110010
0000001010101011
0000001010100100
0000001010011101
0000001010010111
0000001010010000
0000001010001010
0000001010000011
0000001001111101
0000001001110110
0000001001110000
0000001001101010
0000001001100100
0000001001011110
0000001001011000
0000001001010010
0000001001001100
0000001001000110
0000001001000000
0000001000111010
0000001000110101
0000001000101111
0000001000101010
0000001000100100
0000001000011111
0000001000011001
0000001000010100
0000001000001111
0000001000001001
0000001000000100
0000000111111111
0000000111111010
0000000111110101
0000000111110000
0000000111101011
0000000111100110
0000000111100001
0000000111011100
0000000111011000
0000000111010011
0000000111001110
0000000111001010
0000000111000101
0000000111000001
0000000110111100
0000000110111000
0000000110110011
0000000110101111
0000000110101011
0000000110100110
0000000110100010
0000000110011110
0000000110011010
0000000110010110
0000000110010010
0000000110001110
0000000110001010
0000000110000110
0000000110000010
0000000101111110
0000000101111010
0000000101110111
0000000101110011
0000000101101111
0000000101101100
0000000101101000
0000000101100100
0000000101100001
0000000101011101
0000000101011010
0000000101010110
0000000101010011
0000000101010000
0000000101001100
0000000101001001
0000000101000110
0000000101000010
0000000100111111
0000000100111100
0000000100111001
0000000100110110
0000000100110011
0000000100110000
0000000100101101
0000000100101010
0000000100100111
0000000100100100
0000000100100001
0000000100011110
0000000100011011
0000000100011000
0000000100010101
0000000100010011
0000000100010000
0000000100001101
0000000100001010
0000000100001000
0000000100000101
0000000100000011
0000000100000000
0000000011111101
0000000011111011
0000000011111000
0000000011110110
0000000011110100
0000000011110001
0000000011101111
0000000011101100
0000000011101010
0000000011101000
0000000011100101
0000000011100011
0000000011100001
0000000011011111
0000000011011100
0000000011011010
0000000011011000
0000000011010110
0000000011010100
0000000011010010
0000000011001111
0000000011001101
0000000011001011
0000000011001001
0000000011000111
0000000011000101
0000000011000011
0000000011000001
0000000010111111
0000000010111110
0000000010111100
0000000010111010
0000000010111000
0000000010110110
0000000010110100
0000000010110010
0000000010110001
0000000010101111
0000000010101101
0000000010101011
0000000010101010
0000000010101000
0000000010100110
0000000010100101
0000000010100011
0000000010100001
0000000010100000
0000000010011110
0000000010011101
0000000010011011
0000000010011010
0000000010011000
0000000010010110
0000000010010101
0000000010010011
0000000010010010
0000000010010001
0000000010001111
0000000010001110
0000000010001100
0000000010001011
0000000010001001
0000000010001000
0000000010000111
0000000010000101
0000000010000100
0000000010000011
0000000010000001
0000000010000000
0000000001111111
0000000001111110
0000000001111100
0000000001111011
0000000001111010
0000000001111001
0000000001110111
0000000001110110
0000000001110101
0000000001110100
0000000001110011
0000000001110010
0000000001110000
0000000001101111
0000000001101110
0000000001101101
0000000001101100
0000000001101011
0000000001101010
0000000001101001
0000000001101000
0000000001100111
0000000001100110
0000000001100101
0000000001100100
0000000001100011
0000000001100010
0000000001100001
0000000001100000
0000000001011111
0000000001011110
0000000001011101
0000000001011100
0000000001011011
0000000001011010
0000000001011001
0000000001011000
0000000001010111
0000000001010111
0000000001010110
0000000001010101
0000000001010100
0000000001010011
0000000001010010
0000000001010010
0000000001010001
0000000001010000
0000000001001111
0000000001001110
0000000001001110
0000000001001101
0000000001001100
0000000001001011
0000000001001010
0000000001001010
0000000001001001
0000000001001000
0000000001001000
0000000001000111
0000000001000110
0000000001000101
0000000001000101
0000000001000100
0000000001000011
0000000001000011
0000000001000010
0000000001000001
0000000001000001
0000000001000000
0000000000111111
0000000000111111
0000000000111110
0000000000111110
0000000000111101
0000000000111100
0000000000111100
0000000000111011
0000000000111010
0000000000111010
0000000000111001
0000000000111001
0000000000111000
0000000000111000
0000000000110111
0000000000110110
0000000000110110
0000000000110101
0000000000110101
0000000000110100
0000000000110100
0000000000110011
0000000000110011
0000000000110010
0000000000110010
0000000000110001
0000000000110001
0000000000110000
0000000000110000
0000000000101111
0000000000101111
0000000000101110
0000000000101110
0000000000101101
0000000000101101
0000000000101101
0000000000101100
0000000000101100
0000000000101011
0000000000101011
0000000000101010
0000000000101010
0000000000101001
0000000000101001
0000000000101001
0000000000101000
0000000000101000
0000000000100111
0000000000100111
0000000000100111
0000000000100110
0000000000100110
0000000000100101
0000000000100101
0000000000100101
0000000000100100
0000000000100100
0000000000100100
0000000000100011
0000000000100011
0000000000100011
0000000000100010
0000000000100010
0000000000100010
0000000000100001
0000000000100001
0000000000100001
0000000000100000
0000000000100000
0000000000100000
0000000000011111
0000000000011111
0000000000011111
0000000000011110
0000000000011110
0000000000011110
0000000000011101
0000000000011101
0000000000011101
0000000000011100
0000000000011100
0000000000011100
0000000000011100
0000000000011011
0000000000011011
0000000000011011
0000000000011011
0000000000011010
0000000000011010
0000000000011010
0000000000011001
0000000000011001
0000000000011001
0000000000011001
0000000000011000
0000000000011000
0000000000011000
0000000000011000
0000000000010111
0000000000010111
0000000000010111
0000000000010111
0000000000010111
0000000000010110
0000000000010110
0000000000010110
0000000000010110
0000000000010101
0000000000010101
0000000000010101
0000000000010101
0000000000010101
0000000000010100
0000000000010100
0000000000010100
0000000000010100
0000000000010100
0000000000010011
0000000000010011
0000000000010011
0000000000010011
0000000000010011
0000000000010010
0000000000010010
0000000000010010
0000000000010010
0000000000010010
0000000000010001
0000000000010001
0000000000010001
0000000000010001
0000000000010001
0000000000010001
0000000000010000
0000000000010000
0000000000010000
0000000000010000
0000000000010000
0000000000010000
0000000000001111
0000000000001111
0000000000001111
0000000000001111
0000000000001111
0000000000001111
0000000000001110
0000000000001110
0000000000001110
0000000000001110
0000000000001110
0000000000001110
0000000000001110
0000000000001101
0000000000001101
0000000000001101
0000000000001101
0000000000001101
0000000000001101
0000000000001101
0000000000001101
0000000000001100
0000000000001100
0000000000001100
0000000000001100
0000000000001100
0000000000001100
0000000000001100
0000000000001100
0000000000001011
0000000000001011
0000000000001011
0000000000001011
0000000000001011
0000000000001011
0000000000001011
0000000000001011
0000000000001010
0000000000001010
0000000000001010
0000000000001010
0000000000001010
0000000000001010
0000000000001010
0000000000001010
0000000000001010
0000000000001010
0000000000001001
0000000000001001
0000000000001001
0000000000001001
0000000000001001
0000000000001001
0000000000001001
0000000000001001
0000000000001001
0000000000001001
0000000000001000
0000000000001000
0000000000001000
0000000000001000
0000000000001000
0000000000001000
0000000000001000
0000000000001000
0000000000001000
0000000000001000
0000000000001000
0000000000001000
0000000000000111
0000000000000111
0000000000000111
0000000000000111
0000000000000111
0000000000000111
0000000000000111
0000000000000111
0000000000000111
0000000000000111
0000000000000111
0000000000000111
0000000000000111
0000000000000111
0000000000000110
0000000000000110
0000000000000110
0000000000000110
0000000000000110
0000000000000110
0000000000000110
0000000000000110
0000000000000110
0000000000000110
0000000000000110
0000000000000110
0000000000000110
0000000000000110
0000000000000110
0000000000000101
0000000000000101
0000000000000101
0000000000000101
0000000000000101
0000000000000101
0000000000000101
0000000000000101
0000000000000101
0000000000000101
0000000000000101
0000000000000101
0000000000000101
0000000000000101
0000000000000101
0000000000000101
0000000000000101
0000000000000101
0000000000000100
0000000000000100
0000000000000100
0000000000000100
0000000000000100
0000000000000100
0000000000000100
0000000000000100
0000000000000100
0000000000000100
0000000000000100
0000000000000100
0000000000000100
0000000000000100
0000000000000100
0000000000000100
0000000000000100
0000000000000100
0000000000000100
0000000000000100
0000000000000100
0000000000000100
0000000000000100
0000000000000011
0000000000000011
0000000000000011
0000000000000011
0000000000000011
0000000000000011
0000000000000011
0000000000000011
0000000000000011
0000000000000011
0000000000000011
0000000000000011
0000000000000011
0000000000000011
0000000000000011
0000000000000011
0000000000000011
0000000000000011
0000000000000011
0000000000000011
0000000000000011
0000000000000011
0000000000000011
0000000000000011
0000000000000011
0000000000000011
0000000000000011
0000000000000011
0000000000000010
0000000000000010
0000000000000010
0000000000000010
0000000000000010
0000000000000010
0000000000000010
0000000000000010
0000000000000010
0000000000000010
0000000000000010
0000000000000010
0000000000000010
0000000000000010
0000000000000010
0000000000000010
0000000000000010
0000000000000010
0000000000000010
0000000000000010
0000000000000010
0000000000000010
0000000000000010
0000000000000010
0000000000000010
0000000000000010
0000000000000010
0000000000000010
0000000000000010
0000000000000010
0000000000000010
0000000000000010
0000000000000010
0000000000000010
0000000000000010
0000000000000010
0000000000000010
0000000000000010
0000000000000010
0000000000000010
0000000000000010
0000000000000001
0000000000000001
0000000000000001
0000000000000001
0000000000000001
0000000000000001
0000000000000001
0000000000000001
0000000000000001
0000000000000001
0000000000000001
0000000000000001
0000000000000001
0000000000000001
0000000000000001
0000000000000001
0000000000000001
0000000000000001
0000000000000001
0000000000000001
0000000000000001
0000000000000001
0000000000000001
0000000000000001
0000000000000001
0000000000000001
0000000000000001
0000000000000001
0000000000000001
0000000000000001
0000000000000001
0000000000000001
0000000000000001
0000000000000001
0000000000000001
0000000000000001
0000000000000001
0000000000000001
0000000000000001
0000000000000001
0000000000000001
0000000000000001
0000000000000001
0000000000000001
0000000000000001
0000000000000001
0000000000000001
0000000000000001
0000000000000001
0000000000000001
0000000000000001
0000000000000001
0000000000000001
0000000000000001
0000000000000001
0000000000000001
0000000000000001
0000000000000001
0000000000000001
0000000000000001
0000000000000001
0000000000000001
0000000000000001
0000000000000001
0000000000000001
0000000000000001
0000000000000001
0000000000000001
0000000000000001
